0.312243,0.58034,0,0,0,0.287757,0.0196602,5.19994,0.287757
0.727789,0.621959,7.38531,1.04957e-16,1.42116e-17,0.223923,0.0208175,3.98849,0.223923
1.16067,0.494444,7.33096,-0.926424,-0.125705,0.184335,0.0633937,3.48135,0.184335
1.25463,0.534355,7.31774,0.835427,0.113673,0.171496,0.064126,3.19565,0.171496
1.61893,0.594819,7.29402,1.14603,0.155844,0.153677,0.0574303,3.008,0.153677
1.85261,0.566872,5.81658,0.254091,0.0436562,0.141606,0.0544034,2.75751,0.141606
2.15719,0.59864,5.81795,0.333522,0.0572636,0.131105,0.0504098,2.56374,0.131105
2.37199,0.647622,5.28089,0.515863,0.0973759,0.123784,0.0493671,2.39834,0.123784
2.63899,0.670554,5.29356,0.481396,0.0906906,0.117477,0.0508448,2.26142,0.117477
2.90741,0.663078,5.33299,0.234036,0.0438564,0.111896,0.0507898,2.14583,0.111896
3.13712,0.664201,5.27908,0.166156,0.0314641,0.108292,0.0504515,2.04614,0.108292
3.42798,0.555748,5.35537,-0.727477,-0.135014,0.104049,0.0520252,1.95961,0.104049
3.73473,0.440025,5.33019,-1.47411,-0.269816,0.100078,0.0724518,1.88315,0.100078
4.01342,0.521153,5.51436,-0.737142,-0.132889,0.0969257,0.07634,1.81678,0.0969257
4.28876,0.515518,5.48442,-0.677079,-0.122833,0.0946128,0.0810232,1.75691,0.0946128
4.5445,0.564563,5.27537,-0.34375,-0.0650693,0.0924266,0.0816779,1.70129,0.0924266
4.71525,0.685825,4.98028,0.256227,0.051403,0.0901677,0.0793717,1.65117,0.0901677
4.96996,0.678619,4.91535,0.179136,0.0364281,0.0882169,0.077136,1.6058,0.0882169
5.26984,0.667724,5.03935,0.0901526,0.0178878,0.0858651,0.0753246,1.56325,0.0858651
5.52995,0.672634,5.33293,0.0959457,0.0179892,0.083691,0.0738987,1.52414,0.083691
5.8349,0.683964,5.41762,0.107198,0.0197843,0.0823051,0.0727572,1.48847,0.0823051
6.07613,0.608461,5.06155,-0.19147,-0.0378103,0.080666,0.0770296,1.45438,0.080666
6.32512,0.722149,5.04035,0.204469,0.0405442,0.0790181,0.07597,1.42259,0.0790181
6.57599,0.754182,5.02441,0.281579,0.0559836,0.077414,0.0747811,1.39284,0.077414
6.81968,0.750187,5.01177,0.234639,0.0467833,0.0758506,0.0745145,1.36492,0.0758506
7.06306,0.733295,4.7777,0.142691,0.0298571,0.0744126,0.0763135,1.34017,0.0744126
7.26953,0.817383,4.69707,0.371476,0.0789224,0.0739706,0.075714,1.31761,0.0739706
7.57039,0.828928,5.28277,0.397948,0.0751874,0.072703,0.075816,1.29429,0.072703
7.83099,0.804655,5.27935,0.271587,0.051398,0.0714677,0.0787353,1.27221,0.0714677
8.08016,0.822246,4.91853,0.269645,0.0547674,0.0703322,0.0825176,1.25122,0.0703322
8.31198,0.838705,4.88803,0.285303,0.0583015,0.0695435,0.0873392,1.23134,0.0695435
8.58413,0.933259,5.36244,0.575229,0.106861,0.0685451,0.0888403,1.21309,0.0685451
8.83159,0.995368,5.30684,0.705549,0.132176,0.067652,0.0895314,1.19539,0.067652
9.12492,1.03816,5.27024,0.749286,0.141226,0.0666981,0.0903428,1.17835,0.0666981
9.36537,1.06917,5.21683,0.762516,0.145137,0.0657412,0.0918392,1.16186,0.0657412
9.64669,1.15121,5.26119,0.930833,0.175112,0.0650709,0.0921996,1.14639,0.0650709
9.92724,1.28786,5.26876,1.24948,0.232848,0.0650608,0.0910259,1.13173,0.0650608
10.173,1.38656,4.8571,1.33693,0.268602,0.0649652,0.0898598,1.11689,0.0649652
10.3858,1.46076,4.77302,1.41625,0.288444,0.0642624,0.0888189,1.10285,0.0642624
10.6171,1.54526,4.52292,1.46026,0.312292,0.0634742,0.0880302,1.09088,0.0634742
10.8271,1.5607,4.47599,1.36336,0.295667,0.0628251,0.0869532,1.0796,0.0628251
11.0979,1.6166,4.86442,1.46452,0.292436,0.0620727,0.0859695,1.06668,0.0620727
11.3851,1.65566,4.9523,1.4139,0.278105,0.0617042,0.0853941,1.05429,0.0617042
11.6146,1.70984,4.78222,1.37795,0.280541,0.061173,0.0852771,1.04227,0.061173
11.8408,1.76911,4.74428,1.39026,0.285059,0.0605345,0.085693,1.03067,0.0605345
12.0988,1.86811,5.00308,1.58017,0.305925,0.0600824,0.0857501,1.01995,0.0600824
12.3488,1.88525,5.00031,1.43601,0.279658,0.0598167,0.0879682,1.00973,0.0598167
12.6055,1.94651,5.11397,1.46234,0.278519,0.0599533,0.0912757,1.00084,0.0599533
12.8074,2.09128,4.97214,1.71165,0.331542,0.0595263,0.0925574,0.991458,0.0595263
13.0752,2.21393,5.14461,1.92032,0.357252,0.0597024,0.0931201,0.984058,0.0597024
13.2841,2.35954,5.00246,2.12248,0.401267,0.059454,0.0927917,0.975951,0.059454
13.4543,2.51212,4.38497,2.15201,0.456236,0.058911,0.0919792,0.966846,0.058911
13.7008,2.61596,4.41266,2.21556,0.465319,0.0583571,0.091231,0.957804,0.0583571
13.9203,2.73037,4.42723,2.31422,0.481662,0.0578143,0.0905001,0.948923,0.0578143
14.1484,2.88214,4.39847,2.48678,0.51457,0.0572896,0.0896736,0.940271,0.0572896
14.399,3.00602,4.67425,2.67665,0.520057,0.0569611,0.0888703,0.932613,0.0569611
14.6113,3.05549,4.60842,2.487,0.494874,0.0565838,0.0886097,0.925075,0.0565838
14.8401,3.22881,4.65045,2.73597,0.531789,0.0563546,0.0879193,0.918284,0.0563546
15.0555,3.42612,4.55233,2.98388,0.580206,0.056158,0.0873025,0.911391,0.056158
15.2632,3.60291,4.23039,3.01569,0.619307,0.0559312,0.0871448,0.903786,0.0559312
15.4776,3.78288,4.17257,3.17908,0.651073,0.0557956,0.0877198,0.896367,0.0557956
15.6878,3.91649,4.13879,3.18825,0.656389,0.0557408,0.0880628,0.889156,0.0557408
15.9124,4.04147,4.13055,3.15907,0.652909,0.0560957,0.0880042,0.882211,0.0560957
16.1096,4.19435,3.88183,3.09246,0.672695,0.0564053,0.0879702,0.875325,0.0564053
16.3013,4.38715,3.81586,3.26776,0.708177,0.0566285,0.0886251,0.868598,0.0566285
16.513,4.55421,3.91091,3.42585,0.719381,0.0572521,0.0894345,0.862083,0.0572521
16.6904,4.71182,3.8188,3.44919,0.734588,0.0576055,0.0901087,0.85568,0.0576055
16.848,4.88072,3.36502,3.2485,0.767781,0.0574966,0.090816,0.85016,0.0574966
16.9997,5.11269,3.24944,3.50617,0.823382,0.0571278,0.093069,0.844996,0.0571278
17.1752,5.26652,3.28773,3.57824,0.827684,0.056756,0.0946724,0.83939,0.056756
17.3286,5.44553,3.19575,3.64016,0.850318,0.0563563,0.0962597,0.83396,0.0563563
17.4908,5.5924,3.1308,3.58776,0.853309,0.0559788,0.0970248,0.828586,0.0559788
17.6814,5.70401,3.15229,3.4472,0.830055,0.0556165,0.0966953,0.823019,0.0556165
17.8334,5.88011,3.01076,3.43553,0.851196,0.0552412,0.0962753,0.817709,0.0552412
18.0008,6.08906,2.98151,3.59298,0.878137,0.0548941,0.096037,0.812364,0.0548941
18.155,6.29365,2.98395,3.77559,0.901981,0.054558,0.0959265,0.807009,0.054558
18.2716,6.5604,2.81155,4.05457,0.964495,0.0542379,0.0969683,0.801855,0.0542379
18.4054,6.7722,2.6744,4.09717,0.992496,0.0539782,0.0982237,0.796895,0.0539782
18.555,6.89036,2.6612,3.88798,0.970571,0.0536696,0.0980564,0.79188,0.0536696
18.7052,7.10261,2.74654,4.12889,0.98381,0.0533332,0.0979626,0.787008,0.0533332
18.9115,7.23296,2.85328,3.93925,0.943934,0.0536649,0.0973648,0.782914,0.0536649
19.0072,7.40869,2.50478,3.68259,0.973505,0.0535867,0.096806,0.778161,0.0535867
19.0829,7.71269,2.30352,4.06053,1.05477,0.053264,0.0964899,0.773467,0.053264
19.2078,7.9139,2.31723,4.18823,1.06544,0.0529677,0.0960684,0.768909,0.0529677
19.2819,8.14294,2.14358,4.28554,1.107,0.0527038,0.0957205,0.764376,0.0527038
19.3801,8.35522,2.11964,4.42944,1.12447,0.0524723,0.0953165,0.760004,0.0524723
19.4806,8.48308,2.07008,4.18232,1.11119,0.0522314,0.0948943,0.755833,0.0522314
19.5783,8.67675,1.94882,4.10034,1.12712,0.0519707,0.094721,0.751713,0.0519707
19.741,8.85342,2.0244,4.04682,1.10695,0.0520363,0.0951837,0.748377,0.0520363
19.823,9.05872,1.84628,3.95944,1.13447,0.0521121,0.0960391,0.744805,0.0521121
19.9441,9.31196,1.82296,4.15023,1.15692,0.0529656,0.0965172,0.741749,0.0529656
20.0007,9.51027,1.57041,3.94968,1.19236,0.0535322,0.09757,0.738136,0.0535322
20.0735,9.77744,1.4547,4.18127,1.23599,0.0542588,0.0980531,0.734595,0.0542588
20.1315,10.0418,1.39343,4.53848,1.27291,0.0549696,0.0981539,0.731348,0.0549696
20.1697,10.3494,1.16887,4.80929,1.33238,0.0554185,0.0977093,0.72778,0.0554185
20.1849,10.5838,0.87571,4.62691,1.38374,0.0554436,0.0972887,0.723986,0.0554436
20.2347,10.8749,0.721754,4.83256,1.42254,0.0555924,0.0967922,0.720244,0.0555924
20.253,11.1573,0.562573,5.08941,1.46071,0.055573,0.0964467,0.716569,0.055573
20.2936,11.3816,0.485022,5.00619,1.47421,0.0557065,0.0960295,0.712942,0.0557065
20.2423,11.6219,0.0831039,4.63538,1.55287,0.055429,0.0956152,0.709858,0.055429
20.3187,11.8394,0.104261,4.57821,1.54803,0.0554536,0.095148,0.70643,0.0554536
20.3357,12.0924,0.102782,5.06325,1.5505,0.0555788,0.0947084,0.702959,0.0555788
20.3137,12.406,-0.135614,5.25888,1.59658,0.0554744,0.0947129,0.69961,0.0554744
20.2622,12.6406,-0.428694,4.88464,1.65834,0.0552079,0.0946538,0.696731,0.0552079
20.3003,12.8504,-0.41149,4.74669,1.65727,0.0551302,0.0943666,0.693508,0.0551302
20.2979,13.0681,-0.477385,4.70113,1.672,0.055195,0.0939792,0.690254,0.055195
20.2697,13.2612,-0.5727,4.55751,1.6958,0.055217,0.0935469,0.687026,0.055217
20.232,13.4974,-0.697295,4.695,1.71824,0.055173,0.0931246,0.683841,0.055173
20.2041,13.7731,-0.835402,4.80217,1.74304,0.0552112,0.0927208,0.680705,0.0552112
20.1547,13.9897,-0.964664,4.6218,1.77656,0.0551916,0.0922985,0.677613,0.0551916
20.09,14.2614,-1.16121,4.7262,1.81172,0.0550604,0.091953,0.674629,0.0550604
20.017,14.4922,-1.31151,4.71142,1.84229,0.0548495,0.0916007,0.671724,0.0548495
19.895,14.7693,-1.61616,4.82231,1.89417,0.0547289,0.0915018,0.669378,0.0547289
19.829,14.986,-1.66614,4.80865,1.90434,0.0545956,0.0913078,0.666797,0.0545956
19.823,15.1731,-1.55029,4.56057,1.89848,0.0544406,0.0909385,0.663891,0.0544406
19.717,15.346,-1.67225,3.9026,1.97562,0.0542095,0.0905855,0.661024,0.0542095
19.7081,15.4986,-1.58027,3.68065,1.97634,0.0545492,0.0906723,0.658509,0.0545492
19.6399,15.6737,-1.65111,3.68769,1.99176,0.0552553,0.0912903,0.656185,0.0552553
19.5064,15.9257,-1.94125,3.87382,2.03534,0.055459,0.0914981,0.653487,0.055459
19.4131,16.1272,-2.03434,3.98579,2.04273,0.055801,0.0918598,0.650858,0.055801
19.2964,16.3169,-2.15875,3.91357,2.07487,0.056063,0.0925032,0.64825,0.056063
19.1886,16.5017,-2.2467,3.79934,2.10482,0.0564307,0.0934903,0.64572,0.0564307
19.0268,16.7554,-2.54555,3.95635,2.14252,0.056389,0.0938307,0.643101,0.056389
18.8638,16.9503,-2.78403,3.67951,2.21853,0.0561798,0.0942567,0.640681,0.0561798
18.6441,17.2382,-3.26031,3.91639,2.26503,0.0563045,0.0939785,0.639904,0.0563045
18.5545,17.4383,-3.04087,3.97613,2.22369,0.0561109,0.0936866,0.637629,0.0561109
18.3188,17.6577,-3.39107,4.0095,2.27282,0.056768,0.0933281,0.636381,0.056768
18.1697,17.8631,-3.39236,4.03209,2.27024,0.0574014,0.0929629,0.634647,0.0574014
18.0705,18.0195,-3.24047,3.77626,2.27998,0.057393,0.0926297,0.63224,0.057393
17.9023,18.1614,-3.31084,3.47834,2.33153,0.0574543,0.0924391,0.629833,0.0574543
17.8117,18.2649,-3.10646,3.15003,2.34923,0.0572401,0.0928322,0.627752,0.0572401
17.6998,18.4246,-3.05242,3.05999,2.35496,0.0573151,0.0933385,0.626243,0.0573151
17.4669,18.6464,-3.42581,3.23711,2.38451,0.0571029,0.0933064,0.623943,0.0571029
17.2975,18.775,-3.48151,3.02993,2.42544,0.0569072,0.0935451,0.621713,0.0569072
17.1476,18.9022,-3.45812,2.86267,2.45012,0.0568551,0.0940861,0.619753,0.0568551
16.9825,19.0706,-3.5205,2.84934,2.46117,0.0569739,0.094424,0.617878,0.0569739
16.7495,19.2018,-3.74043,2.77483,2.50333,0.0568208,0.0949132,0.615707,0.0568208
16.5484,19.364,-3.90579,2.74267,2.52939,0.0566494,0.0951691,0.61348,0.0566494
16.2876,19.5556,-4.23342,2.82687,2.55284,0.0565403,0.0950069,0.611549,0.0565403
16.0667,19.6343,-4.31131,2.53111,2.61072,0.0565431,0.0952105,0.609655,0.0565431
15.8585,19.7785,-4.37874,2.45174,2.63117,0.056562,0.0952489,0.607779,0.056562
15.685,19.8936,-4.13773,2.32058,2.63047,0.0563962,0.0953146,0.605676,0.0563962
15.4304,20.0661,-4.3981,2.39463,2.64301,0.0564628,0.095055,0.603629,0.0564628
15.1943,20.2253,-4.52424,2.41618,2.65108,0.0567174,0.0947261,0.601717,0.0567174
15.0421,20.3315,-4.33456,2.23243,2.66599,0.0565441,0.0944035,0.599663,0.0565441
14.8103,20.4128,-4.45515,2.0586,2.70875,0.0564035,0.09408,0.597606,0.0564035
14.6026,20.5267,-4.4671,1.97169,2.72593,0.0562224,0.0937745,0.595578,0.0562224
14.3497,20.6239,-4.69888,1.86327,2.76408,0.0561288,0.0934975,0.593686,0.0561288
14.1087,20.6914,-4.73952,1.69049,2.79898,0.0561044,0.093202,0.591809,0.0561044
13.8605,20.7703,-4.8786,1.54982,2.834,0.0562075,0.0929219,0.590165,0.0562075
13.5748,20.8365,-5.04368,1.41291,2.86846,0.0569069,0.092645,0.588978,0.0569069
13.3144,20.8754,-5.233,1.16784,2.92202,0.0579897,0.0923422,0.588581,0.0579897
13.09,20.8964,-5.112,0.917257,2.96405,0.0588532,0.0920615,0.587428,0.0588532
12.8621,20.9554,-4.97889,0.798912,2.98249,0.0595537,0.0917686,0.585767,0.0595537
12.7095,20.9714,-4.67635,0.571585,3.01997,0.0594531,0.0915268,0.583948,0.0594531
12.4493,21.0171,-4.8017,0.473893,3.04322,0.0594648,0.0912635,0.582074,0.0594648
12.1982,21.0555,-4.86217,0.366736,3.06631,0.0595474,0.0909872,0.580222,0.0595474
11.9664,21.073,-4.86894,0.213126,3.09785,0.059558,0.0907236,0.578386,0.059558
11.7345,21.036,-4.80387,-0.0320086,3.14826,0.0595051,0.0906656,0.576581,0.0595051
11.4957,21.019,-4.76133,-0.203556,3.18432,0.0594308,0.0907943,0.574841,0.0594308
11.293,21.0071,-4.64319,-0.359832,3.21893,0.0592474,0.091059,0.573347,0.0592474
11.0418,20.9665,-4.66741,-0.543727,3.25756,0.0590725,0.0917117,0.571818,0.0590725
10.8432,20.9248,-4.53461,-0.723142,3.29973,0.0589466,0.0927762,0.570705,0.0589466
10.6097,20.9153,-4.25965,-0.712923,3.30742,0.058863,0.0937739,0.57101,0.058863
10.2774,20.9718,-4.64099,-0.62339,3.27512,0.0587914,0.0939746,0.569565,0.0587914
10.0445,20.9493,-4.66802,-0.732926,3.29733,0.0586769,0.0941555,0.568054,0.0586769
9.87944,20.9051,-4.4308,-0.880197,3.33769,0.0585949,0.0944443,0.567304,0.0585949
9.67118,20.8828,-4.16006,-0.865394,3.34669,0.0587211,0.0946169,0.568059,0.0587211
9.49074,20.838,-4.05353,-0.97301,3.37718,0.0595039,0.0948076,0.569493,0.0595039
9.28785,20.7874,-4.17858,-1.14186,3.40835,0.0608463,0.0950165,0.569872,0.0608463
8.91747,20.7851,-4.66569,-1.094,3.37191,0.0607681,0.0949083,0.568281,0.0607681
8.71626,20.7004,-4.58508,-1.29616,3.41709,0.0609217,0.0949383,0.566795,0.0609217
8.39179,20.6298,-4.86369,-1.39068,3.42009,0.060746,0.0950058,0.565231,0.060746
8.15263,20.5538,-4.8476,-1.52302,3.44601,0.0605733,0.0951116,0.563696,0.0605733
7.90301,20.4734,-4.8385,-1.63425,3.46732,0.0604218,0.0952504,0.562204,0.0604218
7.67703,20.3923,-4.87929,-1.81544,3.49779,0.0602592,0.0953902,0.560863,0.0602592
7.31524,20.3424,-5.24124,-1.80479,3.47322,0.0610577,0.0953163,0.561224,0.0610577
7.05857,20.2545,-5.10876,-1.84168,3.48759,0.0622175,0.095228,0.561023,0.0622175
6.80688,20.165,-5.06583,-1.93007,3.50561,0.0637207,0.0951114,0.560795,0.0637207
6.57039,20.0767,-4.93338,-1.97453,3.52231,0.0653462,0.094947,0.56013,0.0653462
6.35029,19.9784,-4.81285,-2.0649,3.54688,0.0668445,0.0947596,0.559169,0.0668445
6.13037,19.886,-4.75647,-2.16304,3.5684,0.0682566,0.0945291,0.558168,0.0682566
5.87504,19.7893,-4.77691,-2.22893,3.57817,0.0702187,0.0942756,0.557404,0.0702187
5.61248,19.651,-4.9697,-2.49737,3.60725,0.072962,0.0940477,0.557838,0.072962
5.50606,19.5103,-4.45978,-2.61933,3.67264,0.0738136,0.0938579,0.556467,0.0738136
5.30819,19.3608,-4.33032,-2.76661,3.71012,0.0744677,0.0937364,0.555005,0.0744677
5.11255,19.2556,-4.21032,-2.80036,3.72852,0.0749512,0.0935294,0.55352,0.0749512
4.95248,19.1386,-3.87033,-2.72895,3.75573,0.0750374,0.0932899,0.55241,0.0750374
4.81755,18.99,-3.63092,-2.8303,3.80371,0.074851,0.0930605,0.551977,0.074851
4.60052,18.8401,-3.80553,-3.08583,3.82293,0.0746909,0.0928388,0.550791,0.0746909
4.42768,18.7079,-3.68261,-3.13341,3.84659,0.0744958,0.0925988,0.549798,0.0744958
4.27139,18.5613,-3.40571,-3.0665,3.87463,0.0743502,0.0923577,0.549702,0.0743502
4.16532,18.4121,-3.14532,-3.12759,3.92416,0.0747148,0.0921188,0.550841,0.0747148
3.96167,18.2428,-3.50861,-3.62393,3.94316,0.0749828,0.0918813,0.549899,0.0749828
3.64913,18.095,-3.83776,-3.62496,3.89848,0.0747919,0.0916512,0.548507,0.0747919
3.49914,17.947,-3.42505,-3.35531,3.91671,0.0746322,0.091451,0.547505,0.0746322
3.24504,17.7824,-3.61563,-3.42273,3.89959,0.0744955,0.091268,0.546124,0.0744955
3.04152,17.6015,-3.78332,-3.70655,3.91674,0.074435,0.0910742,0.544889,0.074435
2.87616,17.4816,-3.6508,-3.63589,3.92494,0.0743253,0.0910941,0.543565,0.0743253
2.7157,17.268,-3.65455,-3.97127,3.9685,0.0741745,0.0909751,0.542324,0.0741745
2.54267,17.0709,-3.54683,-4.04058,3.99197,0.0740246,0.090818,0.541029,0.0740246
2.39067,16.9061,-3.15215,-3.66877,4.00259,0.0738476,0.0907388,0.539927,0.0738476
2.2395,16.7406,-3.06614,-3.69089,4.01919,0.0736657,0.0907754,0.538901,0.0736657
2.06445,16.5405,-3.00805,-3.7024,4.0301,0.0734869,0.0907758,0.537886,0.0734869
1.91095,16.3132,-2.9519,-3.84537,4.05769,0.0733075,0.0906487,0.536881,0.0733075
1.76749,16.1355,-2.82112,-3.78399,4.07175,0.0731382,0.0905992,0.536086,0.0731382
1.54981,15.9732,-2.97849,-3.78856,4.04613,0.0730281,0.0907532,0.534857,0.0730281
1.40593,15.7411,-3.0884,-4.24053,4.08292,0.0728932,0.0907464,0.533578,0.0728932
1.22574,15.5129,-3.0998,-4.33061,4.09115,0.0728552,0.0906464,0.532352,0.0728552
1.06116,15.3219,-2.9868,-4.17937,4.0919,0.0728954,0.0906129,0.531094,0.0728954
0.833014,15.0976,-3.17637,-4.26339,4.07207,0.073588,0.0905221,0.530213,0.073588
0.69855,14.919,-2.9463,-4.03568,4.08177,0.0741826,0.0905804,0.529019,0.0741826
0.632108,14.7142,-2.65211,-4.05246,4.1329,0.0742172,0.0906881,0.527849,0.0742172
0.504133,14.4713,-2.72448,-4.46698,4.16471,0.0742047,0.0906585,0.526614,0.0742047
0.320207,14.2405,-2.80395,-4.53636,4.15876,0.0744848,0.0905767,0.525457,0.0744848
0.163961,13.987,-2.89958,-4.88352,4.17658,0.0749537,0.0904015,0.524561,0.0749537
0.209572,13.7334,-2.21789,-4.8839,4.28611,0.0748124,0.0901934,0.523932,0.0748124
0.0963975,13.4918,-2.13826,-4.96983,4.30608,0.0747076,0.0899918,0.523415,0.0747076
-0.0849134,13.2498,-2.26349,-5.01954,4.28876,0.0745394,0.089813,0.522437,0.0745394
-0.199433,13.0348,-2.07203,-4.66979,4.29478,0.0743698,0.0896208,0.521844,0.0743698
-0.155612,12.8256,-1.57173,-4.5932,4.38269,0.0750198,0.0894182,0.523616,0.0750198
-0.263685,12.5988,-1.50488,-4.47032,4.38767,0.0757662,0.0892167,0.525536,0.0757662
-0.392279,12.3719,-1.5588,-4.52347,4.38053,0.0763801,0.0890164,0.526776,0.0763801
-0.506954,12.1638,-1.57587,-4.51166,4.37635,0.0769824,0.0888313,0.527648,0.0769824
-0.582314,11.9554,-1.48949,-4.50153,4.39284,0.0779602,0.0886891,0.528793,0.0779602
-0.707994,11.724,-1.56796,-4.57149,4.38198,0.0787542,0.0885524,0.529257,0.0787542
-0.936366,11.4738,-1.95182,-4.65176,4.31511,0.0786999,0.0883842,0.528264,0.0786999
-1.02506,11.2489,-1.82087,-4.43222,4.32258,0.0787213,0.0882368,0.527477,0.0787213
-1.22378,11.0238,-2.11352,-4.47853,4.27145,0.0785521,0.0881171,0.526327,0.0785521
-1.31899,10.7736,-2.16827,-4.8916,4.29515,0.0783813,0.0879672,0.525237,0.0783813
-1.45859,10.5083,-2.24724,-4.96165,4.28711,0.078255,0.0877812,0.52431,0.078255
-1.57364,10.2388,-2.26474,-5.13221,4.29681,0.078168,0.087599,0.523487,0.078168
-1.6481,10.0306,-2.09555,-5.02313,4.31716,0.0780251,0.0874158,0.522436,0.0780251
-1.73157,9.80353,-1.95476,-4.84473,4.32888,0.0778654,0.0872468,0.52132,0.0778654
-1.78303,9.59382,-1.77147,-4.76194,4.35625,0.0777217,0.0871437,0.520287,0.0777217
-1.92238,9.33186,-1.94233,-5.04753,4.34505,0.0775639,0.0869932,0.519197,0.0775639
-2.00353,9.02816,-1.86513,-5.1715,4.36625,0.0774004,0.0868238,0.518101,0.0774004
-2.07492,8.81218,-1.7014,-4.85481,4.37531,0.0772461,0.0866413,0.517091,0.0772461
-2.16778,8.56357,-1.68835,-4.88771,4.37979,0.0770916,0.0864602,0.51608,0.0770916
-2.3148,8.29909,-1.85651,-5.00176,4.35698,0.0769743,0.0862947,0.515015,0.0769743
-2.33079,8.08083,-1.58429,-4.89824,4.39957,0.0768451,0.0861155,0.514111,0.0768451
-2.36754,7.88068,-1.40561,-4.77321,4.42601,0.0768849,0.085985,0.51359,0.0768849
-2.49689,7.62391,-1.54156,-4.86971,4.40581,0.0767805,0.0858325,0.512722,0.0767805
-2.66085,7.38417,-1.71826,-4.65532,4.3588,0.0766494,0.0856891,0.511674,0.0766494
-2.77132,7.13108,-1.78916,-4.72209,4.35021,0.0765727,0.0855337,0.510639,0.0765727
-2.82319,6.90129,-1.69266,-4.91334,4.38062,0.0764275,0.0854057,0.509606,0.0764275
-2.83576,6.71296,-1.42367,-4.71702,4.41927,0.0763494,0.0854737,0.508929,0.0763494
-2.85845,6.51225,-1.20531,-4.36477,4.44296,0.0765575,0.0857997,0.508945,0.0765575
-2.91873,6.28212,-1.17513,-4.40545,4.45171,0.0769368,0.0862309,0.509071,0.0769368
-3.06226,6.01886,-1.42253,-4.70947,4.41905,0.07697,0.0865318,0.508384,0.07697
-3.16824,5.72598,-1.53384,-4.88345,4.40806,0.0769243,0.0865695,0.507496,0.0769243
-3.27987,5.47582,-1.6087,-4.68474,4.38161,0.07681,0.086587,0.506532,0.07681
-3.39391,5.20518,-1.73394,-4.81296,4.3666,0.0766608,0.0865141,0.505531,0.0766608
-3.4595,4.95849,-1.67801,-4.95632,4.38594,0.0765341,0.0864378,0.504543,0.0765341
-3.60522,4.65093,-1.91241,-5.19939,4.35993,0.0764049,0.0862682,0.503683,0.0764049
-3.71381,4.394,-1.95944,-5.01545,4.33994,0.076321,0.0861018,0.502889,0.076321
-3.87344,4.09963,-2.2085,-5.21815,4.31201,0.0765581,0.0860143,0.502733,0.0765581
-3.93207,3.87232,-2.00916,-5.20807,4.3442,0.0766334,0.0858876,0.501999,0.0766334
-3.9826,3.66668,-1.82418,-4.94701,4.35911,0.0765652,0.0857219,0.50104,0.0765652
-4.05314,3.4988,-1.71129,-4.55115,4.35273,0.0764538,0.0856754,0.500097,0.0764538
-4.14682,3.25494,-1.7495,-4.61912,4.35033,0.0763509,0.0856287,0.499149,0.0763509
-4.2721,2.985,-1.90621,-4.74247,4.33021,0.076351,0.085512,0.498224,0.076351
-4.37621,2.69082,-1.99373,-4.95363,4.32975,0.0764028,0.0853499,0.497365,0.0764028
-4.45682,2.44635,-1.91908,-4.94579,4.34225,0.0764049,0.0851894,0.496435,0.0764049
-4.57194,2.16108,-2.00179,-5.11819,4.33957,0.0764999,0.0850861,0.49555,0.0764999
-4.67547,1.94152,-2.10726,-4.9413,4.30928,0.0766379,0.0849449,0.494767,0.0766379
-4.80551,1.63815,-2.23459,-5.18855,4.30572,0.0769798,0.0849717,0.494182,0.0769798
-4.92474,1.38778,-2.29967,-5.15812,4.293,0.0774776,0.0850421,0.493692,0.0774776
-4.97243,1.19311,-2.14483,-4.81603,4.29341,0.0776332,0.084956,0.492864,0.0776332
-5.05786,1.01221,-2.05162,-4.51229,4.28566,0.0777134,0.0847985,0.491954,0.0777134
-5.11018,0.805329,-1.97092,-4.37553,4.28917,0.0776233,0.0846634,0.49107,0.0776233
-5.21759,0.458046,-2.11782,-4.94304,4.3076,0.0775431,0.0846427,0.49017,0.0775431
-5.2905,0.227239,-2.06756,-4.84352,4.30893,0.0774097,0.0846044,0.489282,0.0774097
-5.39956,0.010675,-1.97149,-4.61141,4.30838,0.077279,0.0845148,0.488514,0.077279
-5.46559,-0.219038,-1.92266,-4.58371,4.31522,0.0771491,0.0844154,0.487895,0.0771491
-5.585,-0.369919,-2.07646,-4.42147,4.27333,0.0770129,0.0842844,0.487098,0.0770129
-5.71862,-0.538586,-2.15972,-4.23697,4.24099,0.0768755,0.0843275,0.486263,0.0768755
-5.83377,-0.791019,-2.44391,-4.64675,4.22821,0.0767391,0.0842926,0.485453,0.0767391
-5.9367,-1.10266,-2.42481,-4.89869,4.25276,0.0766019,0.0841427,0.484602,0.0766019
-6.02077,-1.39523,-2.28045,-4.95292,4.2809,0.0765008,0.0841027,0.483785,0.0765008
-6.16423,-1.59488,-2.38067,-4.78078,4.25037,0.076371,0.0839951,0.482936,0.076371
-6.30199,-1.85214,-2.65358,-5.09907,4.23255,0.0762356,0.0839688,0.482183,0.0762356
-6.41584,-2.12105,-2.6415,-5.1309,4.23695,0.0761051,0.0841279,0.481374,0.0761051
-6.56789,-2.30513,-2.59716,-4.67855,4.20562,0.0759736,0.0841216,0.480527,0.0759736
-6.72156,-2.50297,-2.69493,-4.53748,4.17645,0.0758668,0.0840468,0.4797,0.0758668
-6.8787,-2.71018,-2.80591,-4.46559,4.15139,0.0758128,0.0839457,0.478921,0.0758128
-6.9663,-2.99982,-2.71414,-4.64943,4.184,0.0756833,0.0840931,0.478087,0.0756833
-7.09545,-3.21831,-2.64992,-4.47261,4.17752,0.0755519,0.0842526,0.477316,0.0755519
-7.21908,-3.39285,-2.68257,-4.30367,4.155,0.0754258,0.0842461,0.476568,0.0754258
-7.36481,-3.65328,-2.74538,-4.44442,4.15905,0.0752987,0.0844512,0.475814,0.0752987
-7.52811,-3.75553,-2.87645,-4.0609,4.09609,0.0751701,0.084317,0.475009,0.0751701
-7.67396,-3.96369,-3.01648,-4.1461,4.08341,0.0750416,0.084184,0.474197,0.0750416
-7.82709,-4.20538,-3.05846,-4.21302,4.08446,0.0749143,0.0841133,0.473388,0.0749143
-7.97848,-4.42526,-3.06012,-4.16791,4.07907,0.0747871,0.0840892,0.472588,0.0747871
-8.13825,-4.67679,-3.09967,-4.26399,4.08381,0.0746615,0.0842741,0.471797,0.0746615
-8.2806,-4.87039,-2.90177,-3.93703,4.07723,0.0745373,0.0844339,0.471338,0.0745373
-8.4026,-5.08666,-2.87716,-3.97235,4.08554,0.074467,0.084701,0.471082,0.074467
-8.5569,-5.23378,-2.90212,-3.75396,4.05428,0.0744229,0.0847468,0.470917,0.0744229
-8.7408,-5.43231,-3.02018,-3.75303,4.03477,0.0743409,0.0848252,0.470583,0.0743409
-8.90403,-5.62689,-3.13352,-3.79744,4.02249,0.0742746,0.0849334,0.470118,0.0742746
-9.05604,-5.81405,-3.16121,-3.76184,4.01353,0.0742666,0.0850524,0.469719,0.0742666
-9.19978,-5.95329,-3.10081,-3.52013,3.99024,0.0743852,0.0850154,0.469641,0.0743852
-9.3726,-6.03704,-3.19355,-3.23337,3.93319,0.0745312,0.0848841,0.469454,0.0745312
-9.55459,-6.219,-3.4032,-3.34627,3.91856,0.0746742,0.0847486,0.46891,0.0746742
-9.68597,-6.44841,-3.33982,-3.47909,3.94741,0.075132,0.0846448,0.468632,0.075132
-9.91761,-6.60394,-3.69486,-3.50951,3.90127,0.0753135,0.0845233,0.467885,0.0753135
-10.126,-6.7836,-3.79891,-3.4637,3.88087,0.0754066,0.0844234,0.467124,0.0754066
-10.3142,-6.93914,-3.84226,-3.35966,3.86008,0.0755187,0.0843146,0.46637,0.0755187
-10.5488,-7.13898,-3.98548,-3.37766,3.84463,0.0754875,0.0843025,0.465625,0.0754875
-10.7595,-7.27019,-4.02893,-3.17838,3.80952,0.0754249,0.0842303,0.464879,0.0754249
-11.0095,-7.44584,-4.19411,-3.14117,3.78442,0.0753038,0.0842274,0.464215,0.0753038
-11.1978,-7.57826,-4.05199,-2.91184,3.76471,0.0751902,0.0841847,0.463476,0.0751902
-11.3306,-7.74054,-3.92658,-2.91639,3.78042,0.0752478,0.0842035,0.462893,0.0752478
-11.5271,-7.8615,-3.99338,-2.81101,3.75494,0.0753538,0.0841703,0.46229,0.0753538
-11.6975,-7.96327,-3.97174,-2.66235,3.73212,0.0756691,0.0840686,0.461801,0.0756691
-11.8892,-8.07364,-3.86534,-2.45803,3.708,0.0761196,0.0839449,0.461679,0.0761196
-12.0956,-8.15963,-3.93901,-2.30045,3.67018,0.0766291,0.0838175,0.461482,0.0766291
-12.3329,-8.28303,-4.46563,-2.46765,3.64642,0.0770017,0.0836889,0.460782,0.0770017
-12.5395,-8.37113,-4.47449,-2.30386,3.61708,0.0774589,0.0835888,0.460069,0.0774589
-12.7429,-8.45307,-4.20729,-2.00434,3.58618,0.0780449,0.0835491,0.459573,0.0780449
-13.0253,-8.54595,-4.42287,-1.86924,3.54146,0.0782575,0.0835471,0.458879,0.0782575
-13.2868,-8.63719,-4.72881,-1.82482,3.50988,0.0783123,0.0835775,0.458283,0.0783123
-13.506,-8.69047,-4.72991,-1.63396,3.47421,0.0784018,0.083789,0.457649,0.0784018
-13.7161,-8.72935,-4.4162,-1.32186,3.43243,0.0785787,0.0843087,0.457076,0.0785787
-13.9294,-8.8531,-4.42247,-1.36627,3.44123,0.0788494,0.0845898,0.456544,0.0788494
-14.1986,-8.92985,-4.96462,-1.4098,3.41828,0.0789456,0.0848901,0.456116,0.0789456
-14.4212,-9.06435,-4.91407,-1.49956,3.43777,0.0790941,0.0849229,0.455559,0.0790941
-14.647,-9.13656,-4.6989,-1.34416,3.42021,0.0792912,0.0849482,0.454868,0.0792912
-14.9428,-9.12622,-4.88581,-1.01886,3.34718,0.0792652,0.0853216,0.454228,0.0792652
-15.2078,-9.19602,-4.94782,-0.948806,3.33106,0.0791819,0.0856296,0.453629,0.0791819
-15.4692,-9.33124,-4.98213,-1.07328,3.35378,0.0790718,0.0856001,0.453048,0.0790718
-15.7031,-9.37043,-4.66854,-0.871524,3.32615,0.078969,0.085595,0.452444,0.078969
-15.951,-9.46028,-4.71126,-0.893893,3.3291,0.0788604,0.0854893,0.451818,0.0788604
-16.1986,-9.47628,-4.70505,-0.717872,3.293,0.0787483,0.0854171,0.451212,0.0787483
-16.4462,-9.46145,-4.7543,-0.492557,3.24483,0.0786339,0.0854709,0.450576,0.0786339
-16.6512,-9.47499,-4.67251,-0.383717,3.22353,0.0785672,0.0855659,0.450033,0.0785672
-16.944,-9.44486,-4.82982,-0.120341,3.1665,0.0784506,0.0858926,0.449372,0.0784506
-17.1986,-9.50607,-5.05165,-0.181385,3.17748,0.0783358,0.0859872,0.448808,0.0783358
-17.4654,-9.52415,-5.08891,-0.0956239,3.16038,0.0782384,0.0860396,0.448294,0.0782384
-17.7218,-9.5165,-4.91246,0.0616769,3.12904,0.0781592,0.0861224,0.44764,0.0781592
-17.9776,-9.47725,-4.94226,0.268007,3.08742,0.0781033,0.0863522,0.447002,0.0781033
-18.2167,-9.44746,-4.80394,0.421435,3.05409,0.0780394,0.0866762,0.446357,0.0780394
-18.3943,-9.51238,-4.62099,0.265639,3.08417,0.0779288,0.0866598,0.445869,0.0779288
-18.6298,-9.50205,-4.86834,0.339798,3.07191,0.0778226,0.0866108,0.445226,0.0778226
-18.8871,-9.48569,-4.89598,0.435212,3.05293,0.07771,0.0865349,0.444604,0.07771
-19.1154,-9.44662,-4.92433,0.560684,3.02822,0.0776018,0.0864657,0.444021,0.0776018
-19.3803,-9.30197,-4.97102,0.990298,2.94495,0.0774922,0.0867707,0.44352,0.0774922
-19.6119,-9.227,-4.71033,1.14934,2.90226,0.0773812,0.0872284,0.442885,0.0773812
-19.8732,-9.08505,-4.74942,1.52162,2.83154,0.0772871,0.0883443,0.442256,0.0772871
-20.12,-8.96696,-4.79535,1.79209,2.78395,0.07721,0.0900027,0.441674,0.07721
-20.2384,-9.18172,-4.33929,0.999029,2.91531,0.0771951,0.0899184,0.441324,0.0771951
-20.4771,-9.14599,-4.54988,1.07175,2.91025,0.0771604,0.0897948,0.440702,0.0771604
-20.7115,-9.02628,-4.56527,1.32648,2.85882,0.0771128,0.0897203,0.440078,0.0771128
-20.9561,-8.9461,-4.50935,1.44947,2.83059,0.0770328,0.0896392,0.439457,0.0770328
-21.1482,-8.87869,-4.4023,1.49931,2.81334,0.0770181,0.0895281,0.438845,0.0770181
-21.3812,-8.79817,-4.33652,1.59421,2.7893,0.0769755,0.0894062,0.438241,0.0769755
-21.5617,-8.78636,-4.20111,1.47036,2.80492,0.0770426,0.0893672,0.43769,0.0770426
-21.7415,-8.67523,-3.81596,1.5481,2.75619,0.0772599,0.0893202,0.437774,0.0772599
-21.9429,-8.58112,-3.81404,1.67343,2.72813,0.0775317,0.0893212,0.437689,0.0775317
-22.1551,-8.47586,-4.09533,1.89748,2.70771,0.0777868,0.089363,0.437092,0.0777868
-22.406,-8.34754,-4.16933,2.10744,2.67358,0.0778481,0.0893923,0.436508,0.0778481
-22.5911,-8.24483,-3.96077,2.13507,2.64719,0.0779748,0.0895161,0.435914,0.0779748
-22.87,-7.92838,-4.09742,2.92225,2.52207,0.077889,0.0894387,0.435392,0.077889
-23.0608,-7.77871,-3.73808,2.94633,2.47409,0.077809,0.0893782,0.434842,0.077809
-23.2961,-7.57972,-3.75439,3.27131,2.42485,0.0777028,0.0894652,0.434248,0.0777028
-23.5064,-7.41551,-3.97709,3.52458,2.41644,0.0776107,0.0896017,0.4339,0.0776107
-23.6585,-7.30614,-3.75932,3.37514,2.40999,0.077505,0.0895861,0.433376,0.077505
-23.8585,-7.12061,-3.7703,3.57573,2.38267,0.0774061,0.0896424,0.432979,0.0774061
-23.9946,-7.095,-3.51013,3.14805,2.41052,0.0773072,0.089536,0.432411,0.0773072
-24.1639,-6.91107,-3.37164,3.26946,2.37158,0.0772087,0.0894199,0.43183,0.0772087
-24.3416,-6.61155,-3.3298,3.77785,2.29324,0.077105,0.0894709,0.431272,0.077105
-24.5088,-6.43671,-3.12684,3.76974,2.26324,0.0770014,0.0895077,0.430692,0.0770014
-24.5791,-6.36205,-2.81622,3.42134,2.25948,0.0770157,0.0893883,0.430273,0.0770157
-24.7189,-6.1831,-2.77988,3.55677,2.2342,0.0770592,0.0892723,0.429776,0.0770592
-24.9144,-5.94207,-2.81676,3.87915,2.19884,0.0769851,0.0891702,0.429203,0.0769851
-25.0481,-5.72811,-2.73945,4.03995,2.16667,0.0769192,0.0890921,0.428633,0.0769192
-25.1748,-5.57892,-2.60282,3.92772,2.15603,0.0768651,0.0889739,0.428064,0.0768651
-25.3316,-5.38245,-2.68639,4.09898,2.15094,0.0767733,0.0888565,0.4276,0.0767733
-25.487,-5.13347,-2.64288,4.32448,2.11937,0.0766733,0.0887604,0.427232,0.0766733
-25.6159,-4.95811,-2.64253,4.31536,2.12025,0.0765801,0.0886437,0.427083,0.0765801
-25.7256,-4.8205,-2.48693,4.08871,2.11725,0.0764865,0.088604,0.426852,0.0764865
-25.8459,-4.6094,-2.40471,4.16043,2.09488,0.0764077,0.0885749,0.426698,0.0764077
-25.9689,-4.33643,-2.33814,4.42864,2.05656,0.076368,0.0884667,0.42667,0.076368
-26.0745,-4.12215,-1.96765,4.24553,2.00479,0.0763564,0.0883644,0.426199,0.0763564
-26.1729,-3.79875,-1.85522,4.6791,1.94827,0.0763751,0.0883212,0.42574,0.0763751
-26.2468,-3.56054,-1.53678,4.62662,1.89149,0.0763747,0.0883048,0.425189,0.0763747
-26.2691,-3.30258,-1.28792,4.73259,1.8365,0.0762855,0.0883717,0.424702,0.0762855
-26.3202,-3.05925,-1.0732,4.77184,1.79202,0.0761879,0.0884822,0.424321,0.0761879
-26.3347,-2.85672,-0.849869,4.64993,1.75157,0.0761187,0.0884976,0.424109,0.0761187
-26.3922,-2.65278,-0.778685,4.59596,1.73863,0.0760476,0.0884438,0.423797,0.0760476
-26.4565,-2.57396,-0.680935,4.07865,1.73622,0.0759608,0.0884544,0.423439,0.0759608
-26.5117,-2.35529,-0.661147,4.19436,1.72714,0.0758667,0.0885184,0.422958,0.0758667
-26.5614,-2.15552,-0.57595,4.18482,1.70757,0.0757701,0.0887247,0.422448,0.0757701
-26.5931,-1.9301,-0.533033,4.28212,1.69464,0.0756739,0.0889902,0.421912,0.0756739
-26.5977,-1.62556,-0.380836,4.6179,1.65308,0.0755838,0.0890142,0.421382,0.0755838
-26.5923,-1.41319,-0.157331,4.54156,1.60542,0.0755172,0.0891278,0.420902,0.0755172
-26.598,-1.16376,-0.0208442,4.62777,1.5753,0.075459,0.089212,0.420431,0.075459
-26.6278,-0.953426,0.0306301,4.5519,1.56407,0.0753724,0.0894123,0.419915,0.0753724
-26.6428,-0.657375,0.135626,4.80914,1.5426,0.0752784,0.0894256,0.419394,0.0752784
-26.6291,-0.401664,0.348917,4.88015,1.49942,0.0751864,0.0894043,0.418918,0.0751864
-26.5842,-0.0458558,0.582149,5.27724,1.46093,0.0751222,0.0893088,0.41856,0.0751222
-26.5648,0.218409,0.729838,5.27248,1.43325,0.0750567,0.0892428,0.418235,0.0750567
-26.5396,0.530126,0.877111,5.43019,1.41065,0.0749894,0.0893595,0.417947,0.0749894
-26.5285,0.785367,0.870966,5.30175,1.40797,0.0749017,0.0895321,0.417494,0.0749017
-26.5218,1.05267,0.936576,5.29283,1.39566,0.0748128,0.0898243,0.417003,0.0748128
-26.4809,1.34965,0.94597,5.33061,1.39516,0.0747267,0.0904341,0.416491,0.0747267
-26.4291,1.51646,1.03829,4.94399,1.36379,0.0746408,0.0906662,0.415987,0.0746408
-26.3903,1.70164,1.06569,4.66462,1.34619,0.0745726,0.0907128,0.415539,0.0745726
-26.3425,1.86116,1.1236,4.37346,1.31932,0.0745283,0.0906163,0.415156,0.0745283
-26.2748,2.07691,1.28883,4.38534,1.28495,0.0744871,0.0905088,0.414724,0.0744871
-26.2189,2.23771,1.34405,4.14548,1.25727,0.0744872,0.0904404,0.414362,0.0744872
-26.1578,2.43334,1.36939,4.01669,1.24223,0.0745424,0.0904394,0.414141,0.0745424
-26.0768,2.72118,1.52593,4.29473,1.22941,0.0746155,0.0903421,0.413849,0.0746155
-25.9808,2.94503,1.82002,4.42011,1.18019,0.0746768,0.090247,0.41337,0.0746768
-25.8668,3.29426,2.04149,4.83231,1.17107,0.074692,0.0902534,0.412874,0.074692
-25.7822,3.53993,2.11351,4.79595,1.15571,0.0747617,0.0903268,0.412378,0.0747617
-25.6805,3.70752,2.17805,4.49141,1.11927,0.0748547,0.0902748,0.411891,0.0748547
-25.5647,3.91029,2.30475,4.37757,1.08618,0.0749417,0.0902013,0.411401,0.0749417
-25.5066,4.04731,2.24791,4.02885,1.06187,0.0752923,0.0901027,0.411017,0.0752923
-25.386,4.23584,2.37503,3.94755,1.02917,0.07566,0.0900275,0.410608,0.07566
-25.2171,4.49344,2.61702,4.10017,1.00271,0.0758387,0.0899205,0.410121,0.0758387
-25.0688,4.67931,2.61052,3.87361,0.977786,0.0759626,0.0898196,0.409682,0.0759626
-24.9533,4.87127,2.67345,3.80138,0.957869,0.0761807,0.0897266,0.409272,0.0761807
-24.7976,5.05678,2.80665,3.72991,0.925716,0.076348,0.0896489,0.408831,0.076348
-24.6209,5.30457,3.01247,3.87274,0.909699,0.0764148,0.0895437,0.408349,0.0764148
-24.4465,5.49288,3.29204,3.87997,0.867192,0.0764221,0.0894385,0.407968,0.0764221
-24.256,5.66325,3.43159,3.72569,0.826466,0.0763657,0.0893394,0.407651,0.0763657
-24.0933,5.82072,3.54401,3.57322,0.789501,0.0763082,0.0892685,0.407375,0.0763082
-23.919,5.97267,3.61656,3.39229,0.753412,0.0762404,0.0892531,0.407085,0.0762404
-23.7822,6.13241,3.20209,3.00646,0.7539,0.0762275,0.0892876,0.406777,0.0762275
-23.6252,6.28342,3.27031,2.93,0.730566,0.0762555,0.0893996,0.406485,0.0762555
-23.4822,6.42868,3.22921,2.79924,0.714196,0.0763945,0.0896147,0.406402,0.0763945
-23.2369,6.72091,3.56017,3.21307,0.734198,0.0763584,0.0895264,0.405967,0.0763584
-23.0446,6.8479,3.6124,3.03296,0.698423,0.0763109,0.0894929,0.405548,0.0763109
-22.826,7.0412,3.78636,3.10524,0.686884,0.0762304,0.0894134,0.405084,0.0762304
-22.6109,7.18158,4.01474,3.04488,0.648872,0.076143,0.0893588,0.40467,0.076143
-22.4306,7.31533,4.02188,2.89534,0.623954,0.076059,0.0893437,0.404223,0.076059
-22.1907,7.47163,4.46813,2.97004,0.586652,0.0759827,0.0893186,0.404355,0.0759827
-22.0047,7.62931,4.45771,2.88558,0.574492,0.0758979,0.0892749,0.404316,0.0758979
-21.8171,7.81309,4.1441,2.77742,0.590451,0.0758122,0.089183,0.403857,0.0758122
-21.6182,7.94218,4.17368,2.66652,0.568525,0.0757299,0.0891008,0.403399,0.0757299
-21.4308,8.06672,4.14116,2.54127,0.550403,0.0756666,0.0890321,0.402971,0.0756666
-21.2324,8.05395,4.05902,2.06376,0.470375,0.0756242,0.0894159,0.402671,0.0756242
-21.0478,8.18045,3.7859,1.92243,0.469858,0.0756465,0.0898075,0.403092,0.0756465
-20.8743,8.34992,3.83833,2.02579,0.485623,0.0758118,0.0900009,0.4035,0.0758118
-20.6223,8.4779,4.35613,2.15715,0.459799,0.0758705,0.0901678,0.403068,0.0758705
-20.3528,8.6458,4.54945,2.27021,0.462853,0.0758258,0.0901819,0.402628,0.0758258
-20.158,8.77065,4.23132,2.14094,0.468416,0.0758417,0.090171,0.402424,0.0758417
-19.9726,8.86017,4.19286,2.01348,0.447695,0.0759852,0.0902086,0.402369,0.0759852
-19.7823,8.95542,4.04618,1.88907,0.4368,0.076292,0.0902766,0.402798,0.076292
-19.5689,9.02702,4.08623,1.77197,0.409169,0.0766854,0.0904452,0.403216,0.0766854
-19.3172,9.14991,4.44044,1.87267,0.399098,0.0769834,0.0905337,0.402931,0.0769834
-19.0085,9.26997,4.69395,1.9187,0.388036,0.0770125,0.0905548,0.402488,0.0770125
-18.7935,9.35243,4.67851,1.80351,0.367934,0.0771032,0.0905998,0.402058,0.0771032
-18.5256,9.46839,4.80711,1.8236,0.362583,0.0771121,0.090581,0.401618,0.0771121
-18.25,9.51747,5.18539,1.67697,0.312788,0.0770564,0.0906486,0.401563,0.0770564
-17.9243,9.67631,5.43099,1.84558,0.32758,0.0769943,0.0905688,0.402083,0.0769943
-17.667,9.79225,5.07324,1.79564,0.340184,0.0769522,0.09047,0.401764,0.0769522
-17.3969,9.8904,5.14247,1.76886,0.331294,0.0769609,0.0903767,0.401501,0.0769609
-17.1365,9.98528,5.231,1.73663,0.32054,0.0770082,0.0903021,0.40134,0.0770082
-16.8684,10.0984,5.28721,1.75579,0.320624,0.0771217,0.0902998,0.401241,0.0771217
-16.6021,10.181,5.32848,1.68673,0.30657,0.0773035,0.0903385,0.401183,0.0773035
-16.3754,10.2569,5.24177,1.58137,0.293004,0.0774083,0.0904148,0.400942,0.0774083
-16.1055,10.3425,5.36838,1.55061,0.281188,0.0775855,0.0905758,0.400888,0.0775855
-15.914,10.3077,5.10024,1.14605,0.221034,0.0775873,0.0905163,0.400478,0.0775873
-15.6697,10.3666,5.01646,1.06529,0.209251,0.0775755,0.0904654,0.400049,0.0775755
-15.4898,10.3161,4.76995,0.707269,0.147203,0.0774924,0.0903858,0.399818,0.0774924
-15.168,10.3734,5.38461,0.706366,0.130437,0.0774764,0.0902985,0.39968,0.0774764
-14.9004,10.4248,5.40498,0.650477,0.119772,0.0774913,0.0902076,0.399555,0.0774913
-14.6749,10.4388,4.81875,0.518142,0.107115,0.0774519,0.0901405,0.399313,0.0774519
-14.4594,10.385,4.70217,0.239181,0.0508222,0.0773737,0.0902843,0.399294,0.0773737
-14.2037,10.4007,4.82307,0.1608,0.0333274,0.0772962,0.0905032,0.399079,0.0772962
-13.8536,10.6016,5.19685,0.619598,0.118666,0.0773889,0.0904076,0.398676,0.0773889
-13.6022,10.656,4.94253,0.641227,0.129016,0.0774677,0.0903195,0.39834,0.0774677
-13.3737,10.6433,4.87167,0.469667,0.0961108,0.0774748,0.0902279,0.398096,0.0774748
-13.1088,10.6677,5.08258,0.418907,0.0822343,0.0775011,0.0901381,0.397686,0.0775011
-12.8407,10.7787,5.18022,0.610154,0.117245,0.0775558,0.0900925,0.397272,0.0775558
-12.5681,10.8352,5.19263,0.653697,0.12523,0.0776547,0.0901098,0.396861,0.0776547
-12.3639,10.7752,4.97813,0.345214,0.0692354,0.0776255,0.0900188,0.39653,0.0776255
-12.1133,10.8028,4.90601,0.331043,0.0673748,0.0775848,0.089932,0.396289,0.0775848
-11.8586,10.8817,4.97657,0.444591,0.0891003,0.0775395,0.0899233,0.395972,0.0775395
-11.5714,10.9084,5.15335,0.435077,0.0842264,0.077545,0.089937,0.395562,0.077545
-11.3558,10.9135,5.02918,0.33167,0.0658538,0.0774832,0.0899309,0.395208,0.0774832
-11.0702,10.8695,5.7291,0.0285755,0.00498774,0.0774577,0.0898483,0.395592,0.0774577
-10.7534,10.8386,5.79376,-0.124712,-0.021522,0.0775754,0.0897574,0.396161,0.0775754
-10.4943,10.8449,5.47317,-0.127261,-0.0232476,0.0776925,0.0896679,0.39597,0.0776925
-10.2782,10.8211,5.29501,-0.263262,-0.049678,0.0776945,0.0896029,0.395593,0.0776945
-10.0489,10.8575,4.68671,-0.126837,-0.0270565,0.0776461,0.0895155,0.395841,0.0776461
-9.78654,10.92,4.80755,-0.0091304,-0.00189918,0.0776017,0.089439,0.395817,0.0776017
-9.58453,10.8761,4.7706,-0.183633,-0.0384735,0.0775229,0.0893496,0.395872,0.0775229
-9.31079,10.9177,4.90329,-0.0996576,-0.0203218,0.0774448,0.0892652,0.395687,0.0774448
-9.08435,10.8819,4.80688,-0.214027,-0.0444958,0.0773744,0.0891771,0.395673,0.0773744
-8.79926,10.9311,4.9752,-0.0970092,-0.0194961,0.0772959,0.0890976,0.395397,0.0772959
-8.58198,10.8719,4.86295,-0.278344,-0.0571754,0.0772412,0.0890179,0.395284,0.0772412
-8.4643,10.7697,4.41162,-0.551952,-0.124466,0.0776082,0.0891323,0.396464,0.0776082
-8.22743,10.7695,4.37457,-0.523205,-0.119036,0.0780888,0.08925,0.39779,0.0780888
-7.80918,10.8664,5.00013,-0.199365,-0.0398509,0.0780416,0.0891776,0.39749,0.0780416
-7.54757,10.8643,4.89805,-0.152137,-0.0310508,0.0779926,0.0891077,0.397321,0.0779926
-7.25608,10.8651,5.04758,-0.119695,-0.023709,0.0779178,0.0890375,0.396982,0.0779178

