0.201778,0.385989,0,0,0,0,0.158219,0.214052,4.80025,0.158219
0.218589,0.679541,0.000876112,-1.99475e-21,-2.27682e-18,-2.25514e-17,0.131826,0.161419,4.80085,0.131826
-0.0986967,0.761187,1.02876,0.00288398,0.00280334,0.000379968,0.108339,0.161148,5.16664,0.108339
-0.132868,0.648463,0.75372,-0.0880632,-0.116311,-0.0165035,0.147346,0.141542,5.26648,0.147346
-0.559599,0.738394,1.32289,2.45268,4.21775,0.977285,0.133033,0.140473,5.44904,0.133033
-0.57372,0.750054,-0.125089,2.23799,4.76822,1.10667,0.163066,0.141457,5.32827,0.163066
-1.08558,0.858489,-1.13945,-1.86471,7.30547,2.00649,0.150982,0.162089,5.12376,0.150982
-1.13328,0.741884,-1.04323,-2.01292,7.37583,2.02349,0.15599,0.158789,4.97392,0.15599
-1.29262,0.57219,-2.52135,1.19293,5.84126,-0.435431,0.172112,0.150289,4.75087,0.172112
-1.42058,0.633618,-2.5263,1.26629,5.81854,-0.451408,0.202833,0.142686,4.5644,0.202833
-1.67303,0.649261,-4.06047,1.2115,5.99323,0.157152,0.223026,0.136313,4.35782,0.223026
-1.91599,0.727634,-4.24634,1.28845,5.98859,0.0602391,0.238219,0.133707,4.17545,0.238219
-2.2058,0.554983,-4.67179,-0.848301,6.46281,1.47828,0.245125,0.130315,4.01183,0.245125
-2.47697,0.589636,-4.83132,-0.611239,6.40903,1.04854,0.248248,0.126355,3.8659,0.248248
-2.74526,0.617985,-4.87737,-0.453765,6.37595,0.787071,0.24891,0.122375,3.73485,0.24891
-3.03035,0.665044,-4.95168,-0.210138,6.3256,0.519996,0.246843,0.118492,3.61642,0.246843
-3.28482,0.615222,-4.94475,-0.561596,6.39628,0.643506,0.244317,0.115835,3.50859,0.244317
-3.56772,0.52575,-5.01104,-1.08648,6.4967,0.823864,0.240312,0.118847,3.41005,0.240312
-3.81216,0.604648,-5.03908,-0.534785,6.38892,0.44659,0.23654,0.11783,3.3195,0.23654
-4.12467,0.524346,-5.19468,-0.953988,6.46481,0.577482,0.231273,0.122815,3.23656,0.231273
-4.36992,0.53009,-5.06984,-0.811011,6.44181,0.461089,0.226325,0.128096,3.15905,0.226325
-4.63156,0.617552,-5.02929,-0.335495,6.34979,0.214735,0.221445,0.128647,3.08676,0.221445
-4.86026,0.712153,-5.0335,0.0982549,6.26367,0.0151464,0.217042,0.126593,3.01926,0.217042
-5.14079,0.712209,-5.10642,0.0714373,6.2692,0.026504,0.21255,0.125306,2.9563,0.21255
-5.40908,0.68237,-5.22304,-0.0688122,6.29636,0.0750022,0.208256,0.126222,2.89774,0.208256
-5.64436,0.809245,-5.12414,0.418085,6.20177,-0.102729,0.204214,0.124123,2.84214,0.204214
-5.87654,0.924899,-4.65249,0.727379,6.1281,-0.221127,0.200414,0.122021,2.78917,0.200414
-6.07125,0.941167,-4.56894,0.708301,6.12938,-0.202619,0.19712,0.119893,2.73927,0.19712
-6.32282,0.981737,-5.07626,0.836249,6.11991,-0.201579,0.193893,0.117919,2.69211,0.193893
-6.60928,0.973292,-5.1562,0.707356,6.14685,-0.140878,0.190634,0.115984,2.64768,0.190634
-6.84907,1.00441,-5.04686,0.719695,6.14154,-0.138527,0.187535,0.114197,2.60502,0.187535
-7.09738,1.10748,-5.01798,0.969319,6.09237,-0.20419,0.184587,0.112562,2.56432,0.184587
-7.34986,1.09679,-4.87965,0.806268,6.11943,-0.146597,0.181807,0.110905,2.52523,0.181807
-7.58753,1.14298,-4.8607,0.857827,6.1085,-0.152212,0.179148,0.109331,2.48786,0.179148
-7.80271,1.18498,-4.79998,0.892428,6.09936,-0.155059,0.17657,0.107884,2.45207,0.17657
-8.03623,1.21376,-4.78259,0.8808,6.10106,-0.140923,0.174105,0.106776,2.41778,0.174105
-8.26794,1.33285,-4.85244,1.15758,6.04901,-0.208983,0.171749,0.10533,2.38495,0.171749
-8.50551,1.36181,-4.83812,1.11889,6.05592,-0.183009,0.169486,0.104,2.35342,0.169486
-8.71629,1.40193,-4.2955,1.01424,6.05132,-0.177773,0.167409,0.10291,2.32406,0.167409
-8.93407,1.49703,-4.28911,1.16915,6.01707,-0.21558,0.165538,0.101643,2.29579,0.165538
-9.17002,1.52839,-4.78007,1.24517,6.02836,-0.180679,0.163732,0.10073,2.26766,0.163732
-9.43809,1.53852,-4.842,1.12613,6.05467,-0.127792,0.161804,0.101073,2.24064,0.161804
-9.6875,1.54375,-4.9542,1.01792,6.08054,-0.0790916,0.159913,0.103767,2.21488,0.159913
-9.97129,1.68521,-5.01933,1.31192,6.02753,-0.15267,0.158238,0.104202,2.19029,0.158238
-10.1887,1.82783,-4.71291,1.52666,5.96992,-0.228826,0.156541,0.103437,2.16586,0.156541
-10.384,1.9195,-4.60358,1.61855,5.9451,-0.248834,0.154831,0.102626,2.14219,0.154831
-10.6404,2.01986,-4.88574,1.81057,5.92829,-0.253179,0.153214,0.101729,2.11975,0.153214
-10.8816,2.06255,-4.87131,1.7209,5.9436,-0.211738,0.1517,0.10157,2.09804,0.1517
-11.1035,2.16861,-4.75582,1.81428,5.91874,-0.233374,0.150211,0.101247,2.07678,0.150211
-11.2859,2.32392,-4.59526,2.05275,5.86307,-0.29851,0.148711,0.100314,2.05595,0.148711
-11.5245,2.42022,-4.62633,2.11295,5.85476,-0.288235,0.147246,0.0994598,2.03581,0.147246
-11.7602,2.56005,-4.59886,2.27761,5.82334,-0.313351,0.145839,0.098501,2.01626,0.145839
-12.011,2.69867,-4.77027,2.49451,5.80136,-0.320623,0.14459,0.0976149,1.99777,0.14459
-12.2584,2.82336,-4.75424,2.56563,5.78832,-0.316216,0.143592,0.0968008,1.97988,0.143592
-12.493,2.91547,-4.57096,2.4555,5.79023,-0.291978,0.142802,0.0959183,1.96206,0.142802
-12.7013,3.07624,-4.48414,2.62951,5.75282,-0.325656,0.141956,0.0952189,1.94463,0.141956
-12.9205,3.21944,-4.44195,2.73813,5.73078,-0.334068,0.141196,0.0946843,1.92766,0.141196
-13.1135,3.3919,-4.32397,2.90946,5.6909,-0.368204,0.140278,0.094749,1.91103,0.140278
-13.2982,3.51414,-4.17613,2.88887,5.67801,-0.360291,0.139213,0.0945961,1.89477,0.139213
-13.4794,3.63478,-4.07574,2.88503,5.66721,-0.349155,0.138073,0.0941966,1.87892,0.138073
-13.7044,3.81933,-4.16379,3.13615,5.63764,-0.365783,0.137037,0.0944324,1.8635,0.137037
-13.9127,3.90234,-4.13499,2.98678,5.65764,-0.308738,0.136063,0.0938282,1.84848,0.136063
-14.0999,4.08214,-3.95572,3.08035,5.62156,-0.34123,0.135055,0.0935152,1.83375,0.135055
-14.2896,4.22478,-3.89375,3.10916,5.60936,-0.333848,0.134046,0.0930701,1.81936,0.134046
-14.5107,4.39945,-3.8928,3.22417,5.59146,-0.336534,0.1332,0.092802,1.80533,0.1332
-14.6928,4.5934,-3.8037,3.38077,5.55659,-0.363247,0.132325,0.0929812,1.7916,0.132325
-14.885,4.76485,-3.74777,3.44994,5.53914,-0.362382,0.131502,0.0932194,1.77819,0.131502
-15.0316,4.92296,-3.60752,3.46637,5.51774,-0.366102,0.130549,0.093235,1.76507,0.130549
-15.2053,5.07951,-3.53416,3.47203,5.50665,-0.355227,0.129606,0.092999,1.75224,0.129606
-15.389,5.28084,-3.48261,3.61329,5.47937,-0.369837,0.128694,0.0930579,1.73968,0.128694
-15.5406,5.48364,-3.22635,3.61625,5.44087,-0.403919,0.127785,0.0934274,1.72754,0.127785
-15.7466,5.5734,-3.2807,3.41391,5.47789,-0.320202,0.126956,0.092803,1.71552,0.126956
-15.9137,5.72451,-3.34862,3.49866,5.47588,-0.296151,0.126151,0.0921983,1.70376,0.126151
-16.0426,5.91984,-3.2118,3.60221,5.44056,-0.325195,0.125296,0.0916047,1.69221,0.125296
-16.2047,6.08729,-3.09671,3.55008,5.42968,-0.319662,0.124461,0.0911881,1.68089,0.124461
-16.3325,6.34758,-2.95331,3.83456,5.36868,-0.385897,0.123654,0.0905891,1.66981,0.123654
-16.4715,6.48803,-2.83636,3.68276,5.36868,-0.358596,0.122884,0.0902501,1.65896,0.122884
-16.6285,6.68413,-2.80308,3.76686,5.35213,-0.357578,0.122101,0.0900422,1.64829,0.122101
-16.784,6.898,-2.87429,4.01128,5.33414,-0.354227,0.121327,0.0898276,1.6379,0.121327
-16.984,7.15199,-2.90671,4.21993,5.31556,-0.3589,0.120824,0.0893416,1.62793,0.120824
-17.098,7.37374,-2.58734,4.10118,5.2752,-0.400137,0.120234,0.0888544,1.61786,0.120234
-17.1862,7.65657,-2.37708,4.37874,5.20974,-0.466325,0.119519,0.0883711,1.60797,0.119519
-17.3194,7.85827,-2.44182,4.52809,5.20695,-0.428687,0.118856,0.0878393,1.59831,0.118856
-17.4483,7.98829,-2.41631,4.27839,5.2265,-0.367351,0.118271,0.0879011,1.58892,0.118271
-17.5495,8.23099,-2.24578,4.34971,5.189,-0.397924,0.117665,0.0878293,1.57962,0.117665
-17.6911,8.45765,-2.22421,4.41776,5.17881,-0.385428,0.117312,0.0878435,1.5706,0.117312
-17.77,8.64523,-1.97512,4.18503,5.15334,-0.400473,0.116839,0.0885852,1.56158,0.116839
-17.8234,8.9504,-1.74872,4.50179,5.0829,-0.474746,0.116207,0.0884166,1.55269,0.116207
-17.8941,9.19454,-1.5098,4.43594,5.04045,-0.510972,0.115559,0.0882286,1.54401,0.115559
-17.8838,9.53167,-1.12986,4.80498,4.94334,-0.614784,0.115207,0.0877723,1.53597,0.115207
-17.941,9.79659,-1.01138,4.9969,4.91209,-0.610719,0.114991,0.0874029,1.52806,0.114991
-18.0306,9.99923,-0.995005,4.87518,4.91372,-0.564473,0.114604,0.086927,1.52002,0.114604
-18.1193,10.2047,-1.01696,4.85402,4.91891,-0.510683,0.114073,0.0865947,1.51189,0.114073
-18.1121,10.4858,-0.746437,5.00364,4.86048,-0.557433,0.113979,0.0861504,1.5041,0.113979
-18.188,10.7507,-0.852327,5.43498,4.86794,-0.481846,0.113652,0.0856971,1.49617,0.113652
-18.2679,10.9059,-0.898891,5.07658,4.88764,-0.414555,0.113128,0.0859032,1.48842,0.113128
-18.3095,11.1418,-0.742345,4.87398,4.86354,-0.428762,0.11259,0.0863649,1.48077,0.11259
-18.2662,11.5589,-0.325476,5.4197,4.77237,-0.537034,0.112506,0.0860091,1.4733,0.112506
-18.2926,11.8316,-0.226111,5.46816,4.75372,-0.52248,0.112381,0.0857429,1.46592,0.112381
-18.3407,12.0447,-0.23005,5.27746,4.75595,-0.47962,0.112015,0.085318,1.45857,0.112015
-18.3611,12.3166,-0.201602,5.55124,4.74869,-0.437148,0.111591,0.0849251,1.45136,0.111591
-18.4129,12.5632,-0.211426,5.44625,4.75119,-0.401531,0.111043,0.0845151,1.44444,0.111043
-18.4062,12.8458,-0.0278992,5.36543,4.71759,-0.431001,0.110504,0.0841759,1.43755,0.110504
-18.4219,13.1142,0.0468673,5.36104,4.70365,-0.420679,0.109993,0.0838885,1.43085,0.109993
-18.4112,13.3276,0.197051,4.8818,4.67205,-0.457166,0.109508,0.0834881,1.42423,0.109508
-18.3451,13.6324,0.476531,5.07132,4.6187,-0.504383,0.108994,0.0832234,1.41754,0.108994
-18.3212,13.9208,0.619131,5.2288,4.59453,-0.500138,0.108484,0.0831884,1.41094,0.108484
-18.2894,14.1645,0.725538,5.16084,4.57272,-0.494333,0.107983,0.0830537,1.40445,0.107983
-18.2463,14.4262,0.886523,5.01047,4.53727,-0.524285,0.10749,0.0829739,1.39804,0.10749
-18.2183,14.6145,0.910622,4.79673,4.52478,-0.500346,0.107055,0.0825998,1.39183,0.107055
-18.1586,14.8533,1.07142,4.5485,4.48105,-0.548948,0.106627,0.0822283,1.38568,0.106627
-18.0569,15.1345,1.35539,4.69248,4.4312,-0.584385,0.10615,0.0818955,1.37949,0.10615
-17.9932,15.4054,1.4894,5.0296,4.42449,-0.523658,0.105685,0.0816552,1.37339,0.105685
-17.9207,15.636,1.58485,4.92928,4.40131,-0.518142,0.105237,0.0813493,1.36738,0.105237
-17.8459,15.8698,1.66665,5.00986,4.39123,-0.475302,0.104823,0.0810178,1.36149,0.104823
-17.7579,16.0972,1.76552,4.90582,4.36694,-0.474413,0.104432,0.0806697,1.35572,0.104432
-17.7213,16.3543,1.72856,5.18169,4.39041,-0.37048,0.104418,0.0803538,1.3503,0.104418
-17.5412,16.6414,2.09202,5.27663,4.33493,-0.423383,0.104011,0.0803022,1.34461,0.104011
-17.3919,16.8393,2.2491,4.66402,4.26306,-0.544141,0.103575,0.0800406,1.33897,0.103575
-17.2945,17.0637,2.31896,4.57331,4.24311,-0.533815,0.103154,0.0797601,1.33345,0.103154
-17.1539,17.2607,2.44191,4.13452,4.1789,-0.632663,0.102727,0.07943,1.32799,0.102727
-16.995,17.538,2.75226,4.26832,4.13967,-0.648571,0.102327,0.0792638,1.32255,0.102327
-16.8457,17.7339,2.89129,4.12986,4.1016,-0.657339,0.101958,0.0789923,1.31717,0.101958
-16.7314,17.9258,2.91903,3.98305,4.07995,-0.641626,0.101546,0.0786759,1.31185,0.101546
-16.5821,18.1288,3.05097,3.98788,4.05932,-0.607454,0.10114,0.0783607,1.30659,0.10114
-16.4356,18.2551,3.05474,3.69441,4.02149,-0.614099,0.100739,0.0783982,1.30145,0.100739
-16.3089,18.4494,3.09009,3.75091,4.02329,-0.534039,0.100413,0.0785157,1.29644,0.100413
-16.1085,18.676,3.35961,3.80891,3.98959,-0.545332,0.100023,0.0784149,1.29137,0.100023
-15.9232,18.8689,3.51416,3.71547,3.95483,-0.562237,0.0996349,0.0783233,1.28636,0.0996349
-15.6941,19.1277,3.85538,3.84758,3.92598,-0.56711,0.0993637,0.0780223,1.28158,0.0993637
-15.5009,19.3059,3.95491,3.65695,3.88787,-0.594899,0.0991415,0.0777241,1.27685,0.0991415
-15.3218,19.5045,4.01932,3.57568,3.86865,-0.582254,0.0988806,0.0774439,1.27213,0.0988806
-15.1085,19.6682,4.15967,3.36852,3.82228,-0.627626,0.0987244,0.0771545,1.26753,0.0987244
-14.8757,19.88,4.38679,3.36663,3.79617,-0.622743,0.0988174,0.0769891,1.26324,0.0988174
-14.7055,20.0264,4.30177,3.15274,3.77405,-0.610053,0.0986826,0.076758,1.25869,0.0986826
-14.6143,20.1106,3.92732,2.76789,3.75552,-0.59452,0.0983691,0.0765511,1.25423,0.0983691
-14.443,20.2387,3.86699,2.66716,3.74539,-0.537266,0.0982237,0.0764625,1.25007,0.0982237
-14.1536,20.4367,4.3049,2.7893,3.71652,-0.539841,0.0978673,0.076191,1.24554,0.0978673
-13.9288,20.5622,4.40678,2.63098,3.67983,-0.56176,0.0975156,0.075948,1.24105,0.0975156
-13.7468,20.6923,4.35454,2.48658,3.66044,-0.551225,0.0972105,0.075718,1.23665,0.0972105
-13.5242,20.8059,4.44869,2.3302,3.62409,-0.574082,0.0969164,0.0755397,1.23228,0.0969164
-13.2559,20.9474,4.68752,2.29083,3.59617,-0.572483,0.0965748,0.075301,1.22795,0.0965748
-12.9972,21.0715,4.81014,2.21864,3.57376,-0.551896,0.0962674,0.0750487,1.22371,0.0962674
-12.7115,21.228,5.06184,2.22364,3.55551,-0.538908,0.0961649,0.0748337,1.21979,0.0961649
-12.4781,21.3505,4.98108,2.16463,3.55154,-0.479264,0.0960413,0.0746959,1.2157,0.0960413
-12.1904,21.4849,5.18253,2.13428,3.53225,-0.472323,0.0962598,0.074803,1.2119,0.0962598
-11.9022,21.575,5.36067,1.95823,3.49183,-0.510806,0.0969481,0.0749088,1.20845,0.0969481
-11.7707,21.6398,4.92006,1.68747,3.472,-0.508036,0.096733,0.0748781,1.20436,0.096733
-11.517,21.7227,4.98747,1.56855,3.4463,-0.508292,0.096551,0.0748855,1.20032,0.096551
-11.2509,21.7606,5.04462,1.36801,3.4064,-0.525543,0.0964615,0.0747191,1.19632,0.0964615
-11.0247,21.828,4.94105,1.24597,3.38861,-0.503962,0.0962585,0.0745683,1.19237,0.0962585
-10.8308,21.8265,4.735,0.976835,3.34504,-0.530195,0.0959414,0.0743293,1.18869,0.0959414
-10.5612,21.8736,4.98928,0.828834,3.30621,-0.567691,0.0956384,0.0740975,1.18482,0.0956384
-10.2651,21.9222,5.17564,0.721082,3.28002,-0.561592,0.095452,0.0738628,1.18099,0.095452
-9.99839,21.9369,5.21294,0.535546,3.24397,-0.573018,0.0953227,0.073678,1.17721,0.0953227
-9.7509,21.9591,5.18032,0.379607,3.21474,-0.574829,0.0951591,0.0735266,1.17345,0.0951591
-9.48551,21.9667,5.25222,0.196539,3.179,-0.591473,0.0950427,0.0734564,1.16975,0.0950427
-9.28479,21.9917,5.06046,0.0663206,3.1547,-0.590205,0.0947539,0.0733531,1.16606,0.0947539
-9.02681,21.9827,5.11654,-0.117841,3.11857,-0.605005,0.0944701,0.0733683,1.16238,0.0944701
-8.7052,22.0139,5.35841,-0.176179,3.10873,-0.572422,0.0944213,0.0732455,1.15889,0.0944213
-8.4291,21.9997,5.57221,-0.424219,3.06561,-0.620123,0.0944993,0.0731886,1.15584,0.0944993
-8.11533,22.0109,5.70025,-0.51142,3.05211,-0.594441,0.0950858,0.0730478,1.1532,0.0950858
-7.81693,22.0167,5.66042,-0.551242,3.04451,-0.55055,0.0961718,0.0728515,1.15049,0.0961718
-7.62331,21.9918,5.34615,-0.711924,3.00921,-0.569276,0.096553,0.0726696,1.14716,0.096553
-7.35424,21.9435,5.49013,-0.967045,2.96724,-0.608132,0.097072,0.072569,1.14414,0.097072
-7.15879,21.8945,5.19564,-1.13113,2.92723,-0.628317,0.0971104,0.0725586,1.14074,0.0971104
-6.89401,21.8481,5.09881,-1.22126,2.9065,-0.604052,0.0972339,0.0726014,1.13734,0.0972339
-6.78211,21.7644,4.58522,-1.39985,2.84528,-0.659263,0.0969604,0.0729688,1.13441,0.0969604
-6.61865,21.7108,4.06269,-1.35896,2.8188,-0.634154,0.0970376,0.0733696,1.13322,0.0970376
-6.46015,21.656,3.88549,-1.45161,2.78405,-0.643732,0.097947,0.073758,1.13281,0.097947
-6.26686,21.578,3.62407,-1.46222,2.7581,-0.61964,0.0995462,0.0743157,1.13378,0.0995462
-5.98007,21.5508,3.89828,-1.50427,2.77332,-0.547115,0.100543,0.0744945,1.13295,0.100543
-5.77195,21.4664,4.16236,-1.79496,2.73445,-0.583145,0.101972,0.0747735,1.13085,0.101972
-5.41627,21.4312,4.58475,-1.77918,2.77142,-0.479736,0.102161,0.0747504,1.12772,0.102161
-5.13412,21.3589,4.66852,-1.79233,2.77503,-0.431065,0.102085,0.0746752,1.12451,0.102085
-4.87879,21.3137,4.71744,-1.78936,2.77905,-0.39638,0.10193,0.0744744,1.12131,0.10193
-4.67036,21.23,4.38862,-1.71815,2.76843,-0.363682,0.101897,0.0742663,1.11834,0.101897
-4.31061,21.2504,4.85693,-1.54937,2.8328,-0.248726,0.101638,0.0745173,1.11533,0.101638
-4.0381,21.1748,5.00482,-1.64016,2.82491,-0.248651,0.101502,0.0750165,1.11267,0.101502
-3.95709,21.0424,4.37853,-1.80773,2.75005,-0.338445,0.101367,0.0752792,1.10963,0.101367
-3.70057,20.9048,4.85835,-2.27774,2.70319,-0.412351,0.101134,0.0753523,1.10693,0.101134
-3.42517,20.7499,4.91347,-2.46599,2.67644,-0.416156,0.100859,0.0752347,1.10448,0.100859
-3.21421,20.6383,4.6418,-2.43588,2.65833,-0.402879,0.100583,0.0751562,1.10165,0.100583
-2.92252,20.5217,4.79615,-2.52278,2.65736,-0.372931,0.100469,0.0751205,1.09923,0.100469
-2.63764,20.4119,4.75139,-2.43558,2.66791,-0.311793,0.10078,0.0751987,1.09686,0.10078
-2.51006,20.2625,4.34617,-2.54497,2.61185,-0.372993,0.100616,0.075187,1.09396,0.100616
-2.27088,20.1202,4.52897,-2.80474,2.58711,-0.394807,0.100581,0.0751537,1.0914,0.100581
-2.09765,19.9238,4.29398,-2.99198,2.53303,-0.442181,0.100413,0.0749607,1.0886,0.100413
-1.88741,19.7514,4.25593,-3.17489,2.50066,-0.459584,0.100273,0.0747678,1.08585,0.100273
-1.66642,19.5831,4.21238,-3.29121,2.47835,-0.457223,0.100223,0.0746059,1.08314,0.100223
-1.42464,19.4017,4.2992,-3.49466,2.45906,-0.454283,0.100439,0.0745373,1.08069,0.100439
-1.27643,19.2434,4.01172,-3.53805,2.41885,-0.485308,0.100387,0.0744781,1.07794,0.100387
-1.07766,19.0615,3.88154,-3.5853,2.39585,-0.478841,0.100375,0.0745325,1.07517,0.100375
-0.975573,18.8815,3.51247,-3.64118,2.3382,-0.533039,0.10012,0.0746957,1.07249,0.10012
-0.795933,18.723,3.25475,-3.43994,2.32854,-0.495264,0.0998644,0.074807,1.07012,0.0998644
-0.64338,18.5918,3.14204,-3.43317,2.31195,-0.488025,0.0996205,0.0747237,1.06788,0.0996205
-0.485416,18.4052,3.10987,-3.60147,2.28308,-0.496664,0.0994105,0.0747042,1.06559,0.0994105
-0.392214,18.2272,2.84332,-3.64796,2.23287,-0.536606,0.099544,0.0747011,1.06383,0.099544
-0.253199,18.0387,2.81434,-3.85564,2.20133,-0.548773,0.099908,0.0747572,1.06198,0.099908
-0.028836,17.8619,2.96176,-3.9171,2.2182,-0.482497,0.0999118,0.0747947,1.05968,0.0999118
0.138675,17.6913,2.73757,-3.59727,2.22131,-0.426559,0.0999075,0.074771,1.05774,0.0999075
0.362354,17.5209,2.92051,-3.65475,2.24499,-0.359662,0.0996961,0.0746872,1.05534,0.0996961
0.563122,17.3748,2.94495,-3.5151,2.26817,-0.294828,0.0994504,0.0745097,1.05285,0.0994504
0.646317,17.1858,2.70521,-3.56814,2.2195,-0.343837,0.0993303,0.0743329,1.05064,0.0993303
0.782645,16.9948,2.72623,-3.77518,2.19623,-0.358023,0.0992796,0.0741569,1.04831,0.0992796
0.884169,16.8178,2.55581,-3.78617,2.16457,-0.379353,0.0995019,0.0739772,1.04619,0.0995019
1.03391,16.6134,2.67724,-4.11843,2.14722,-0.386281,0.0997096,0.0737991,1.04381,0.0997096
1.14196,16.3888,2.523,-4.20204,2.11153,-0.408546,0.10019,0.073655,1.04158,0.10019
1.27113,16.1879,2.42145,-4.16276,2.09765,-0.396727,0.100774,0.0735156,1.03944,0.100774
1.56814,15.9597,2.89251,-4.28745,2.1643,-0.26884,0.100553,0.0734605,1.037,0.100553
1.66478,15.7627,2.62741,-4.14753,2.13548,-0.28558,0.100425,0.0733846,1.03455,0.100425
1.63869,15.5717,2.09121,-4.05973,2.04646,-0.394519,0.101408,0.0732682,1.03283,0.101408
1.78086,15.3884,2.10839,-4.04706,2.05108,-0.360075,0.102262,0.0731083,1.03094,0.102262
1.93959,15.1747,2.1933,-4.12819,2.05917,-0.321328,0.102824,0.0729593,1.02882,0.102824
2.06733,14.9534,2.2679,-4.4197,2.0449,-0.326954,0.103364,0.0728379,1.02654,0.103364
2.27343,14.7031,2.49179,-4.54256,2.07252,-0.260601,0.103364,0.0728708,1.02416,0.103364
2.38211,14.4721,2.36516,-4.51487,2.05335,-0.265867,0.103424,0.0730173,1.0218,0.103424
2.58323,14.2755,2.56275,-4.51037,2.0875,-0.200101,0.103211,0.0730727,1.01956,0.103211
2.73729,14.0385,2.6588,-4.71464,2.08428,-0.197192,0.102976,0.0732697,1.01751,0.102976
2.84321,13.8108,2.5242,-4.71356,2.06245,-0.215124,0.102742,0.0735595,1.01535,0.102742
2.95212,13.57,2.3978,-4.66721,2.04539,-0.21963,0.10251,0.0740563,1.01313,0.10251
2.95247,13.3705,1.97563,-4.54233,1.98105,-0.299657,0.102575,0.0744057,1.01093,0.102575
3.00991,13.1845,1.71797,-4.22524,1.95698,-0.307408,0.102949,0.0745364,1.00904,0.102949
3.17419,12.9842,1.86725,-4.27281,1.98279,-0.248857,0.10297,0.0745708,1.0069,0.10297
3.29014,12.761,1.82547,-4.1353,1.98651,-0.215468,0.102937,0.074628,1.00477,0.102937
3.31841,12.6371,1.58312,-3.93744,1.95308,-0.255912,0.103321,0.0744651,1.00296,0.103321
3.43288,12.4243,1.67742,-4.15826,1.95423,-0.239797,0.1036,0.0743085,1.00095,0.1036
3.58556,12.197,1.83023,-4.24843,1.97757,-0.186724,0.103583,0.0741479,0.998784,0.103583
3.65456,11.9905,1.71501,-4.20188,1.95831,-0.199656,0.103699,0.074003,0.996688,0.103699
3.82221,11.7596,1.92422,-4.30627,1.99102,-0.136383,0.103536,0.0738486,0.994522,0.103536
3.90273,11.5458,1.89256,-4.50508,1.96851,-0.16993,0.103407,0.0737049,0.992371,0.103407
4.03762,11.2666,2.00478,-4.67028,1.97627,-0.14208,0.103196,0.0735777,0.990301,0.103196
4.1771,11.0592,2.05223,-4.49189,1.99935,-0.091869,0.102987,0.0734282,0.988314,0.102987
4.20488,10.9006,1.77371,-4.30002,1.96202,-0.143635,0.102795,0.0733381,0.9862,0.102795
4.27363,10.6873,1.70954,-4.40857,1.94072,-0.169898,0.102642,0.0732815,0.984103,0.102642
4.38008,10.4669,1.73429,-4.43862,1.94328,-0.154289,0.102452,0.0732394,0.982016,0.102452
4.49489,10.2366,1.78795,-4.48718,1.94997,-0.132786,0.102237,0.0731783,0.979956,0.102237
4.5485,10.0185,1.65112,-4.46098,1.92529,-0.15869,0.102054,0.0731416,0.977898,0.102054
4.64907,9.79653,1.69307,-4.61585,1.92235,-0.159412,0.10185,0.0731177,0.975851,0.10185
4.68976,9.60853,1.51097,-4.49411,1.89513,-0.190314,0.101724,0.0732774,0.973859,0.101724
4.71522,9.46369,1.27827,-4.13766,1.87043,-0.211567,0.101814,0.0740956,0.972114,0.101814
4.75692,9.21015,1.19769,-4.24864,1.84557,-0.226741,0.102133,0.0746359,0.970494,0.102133
4.85784,8.95613,1.285,-4.42514,1.85341,-0.196711,0.102326,0.0749474,0.968726,0.102326
4.98657,8.682,1.4507,-4.60978,1.87569,-0.146206,0.102291,0.0749779,0.96679,0.102291
5.11557,8.44992,1.55194,-4.37166,1.91192,-0.0636109,0.102122,0.0749834,0.964819,0.102122
5.21421,8.18416,1.62907,-4.5111,1.91735,-0.0471573,0.101927,0.074868,0.962859,0.101927
5.33959,7.93456,1.75572,-4.50548,1.94238,0.00215271,0.101729,0.0747215,0.960969,0.101729
5.39964,7.70996,1.67249,-4.48179,1.92797,-0.0177049,0.101524,0.0745775,0.959046,0.101524
5.52547,7.46225,1.80652,-4.54162,1.94938,0.0190765,0.101365,0.0744283,0.957225,0.101365
5.53433,7.25457,1.56146,-4.40988,1.9111,-0.0354976,0.101172,0.0742844,0.95531,0.101172
5.62879,7.05505,1.55335,-4.0636,1.93592,0.0278095,0.100971,0.0741808,0.953406,0.100971
5.76116,6.81506,1.73408,-4.2166,1.96096,0.0627287,0.100813,0.0740535,0.951559,0.100813
5.78039,6.61912,1.55464,-4.36549,1.91291,-0.0393308,0.100617,0.0739965,0.949679,0.100617
5.82186,6.40275,1.448,-4.32448,1.8939,-0.0616766,0.100472,0.0739736,0.947854,0.100472
5.90553,6.13091,1.50356,-4.55029,1.88993,-0.0621076,0.100321,0.0738418,0.946015,0.100321
5.96803,5.91794,1.44517,-4.49928,1.88159,-0.0702808,0.100211,0.0737311,0.944225,0.100211
6.01597,5.67775,1.36013,-4.72869,1.85087,-0.131177,0.100209,0.0735998,0.942533,0.100209
6.06246,5.47184,1.25481,-4.61923,1.83604,-0.14461,0.100366,0.0735026,0.941009,0.100366
6.14717,5.23326,1.29192,-4.58312,1.84555,-0.109481,0.100509,0.0733822,0.939459,0.100509
6.24672,4.96794,1.38265,-4.74283,1.85446,-0.0875795,0.100572,0.0732442,0.937819,0.100572
6.29072,4.804,1.24574,-4.48198,1.8419,-0.104177,0.100841,0.0731698,0.93642,0.100841
6.46012,4.44363,1.60112,-5.05607,1.87748,-0.0435695,0.100745,0.0732194,0.934654,0.100745
6.57211,4.18468,1.74441,-4.95272,1.90944,0.0390868,0.100591,0.0734501,0.932876,0.100591
6.69819,3.89282,1.89396,-5.1427,1.92366,0.0550412,0.100401,0.074208,0.93115,0.100401
6.82067,3.63665,2.03507,-5.09764,1.95063,0.111283,0.100227,0.0752803,0.929531,0.100227
6.82717,3.51784,1.71889,-4.49608,1.93596,0.0920616,0.100093,0.0754644,0.927795,0.100093
6.89649,3.31824,1.68386,-4.37461,1.93823,0.0922709,0.100012,0.0755268,0.926096,0.100012
6.98929,3.20897,1.62987,-3.97799,1.95965,0.114612,0.0999294,0.0753988,0.924467,0.0999294
7.08039,3.07862,1.68639,-3.70191,1.99825,0.197292,0.0998534,0.0755835,0.922826,0.0998534
7.18787,2.8498,1.81175,-3.86817,2.00883,0.195574,0.0997451,0.0757281,0.921136,0.0997451
7.28275,2.65637,1.77177,-3.83031,2.00405,0.146734,0.0996414,0.0760357,0.919497,0.0996414
7.37257,2.42736,1.82877,-3.95599,2.00382,0.134408,0.0995601,0.0762866,0.917852,0.0995601
7.45039,2.15935,1.75968,-4.1456,1.97222,0.0482205,0.0995489,0.0762974,0.916302,0.0995489
7.55849,1.87567,1.8424,-4.44597,1.96365,0.026321,0.099516,0.0761633,0.914718,0.099516
7.69405,1.64245,2.07368,-4.57692,1.9962,0.0964093,0.0993969,0.0760247,0.913054,0.0993969
7.84719,1.24494,2.25034,-5.24757,1.97591,0.0449274,0.0992187,0.0766525,0.911426,0.0992187
7.95749,1.07229,2.23643,-4.89107,1.99966,0.0813669,0.0990406,0.0769441,0.909788,0.0990406
8.01523,0.847889,2.1425,-4.78122,1.99207,0.0740104,0.0989277,0.0772862,0.908161,0.0989277
8.12797,0.620913,2.2394,-4.79668,2.00759,0.104033,0.0988136,0.0777056,0.906532,0.0988136
8.25482,0.453614,2.27846,-4.5279,2.037,0.14322,0.0986758,0.0778365,0.904914,0.0986758
8.38618,0.272773,2.28663,-4.31013,2.05856,0.159335,0.0985178,0.07783,0.90331,0.0985178
8.49716,0.149667,2.28546,-3.97416,2.09269,0.20716,0.0983705,0.0776957,0.901732,0.0983705
8.67817,-0.0917893,2.82633,-4.48915,2.13269,0.279773,0.0982044,0.0775653,0.90042,0.0982044
8.84572,-0.247584,2.93012,-4.22943,2.17667,0.328543,0.0981067,0.0774588,0.8992,0.0981067
8.99492,-0.361561,2.99884,-3.88659,2.22797,0.393393,0.0980729,0.0777108,0.898018,0.0980729
9.14913,-0.572146,3.08537,-3.88399,2.2421,0.382736,0.098131,0.0779401,0.896906,0.098131
9.2905,-0.799791,3.02581,-3.83178,2.2392,0.338975,0.0982312,0.0780531,0.895613,0.0982312
9.3856,-1.11122,2.96253,-4.14554,2.19127,0.235467,0.0981876,0.0779175,0.894183,0.0981876
9.53831,-1.37394,3.15535,-4.44005,2.18864,0.220032,0.0981968,0.0778674,0.892935,0.0981968
9.72294,-1.58322,3.26396,-4.36924,2.2124,0.237734,0.0984016,0.0778416,0.89178,0.0984016
9.85338,-1.72589,2.94039,-3.79024,2.23059,0.234272,0.0985471,0.0777117,0.890255,0.0985471
9.95631,-1.89245,2.899,-3.6773,2.23839,0.234769,0.0985257,0.0775853,0.888731,0.0985257
10.1228,-2.10611,3.27125,-4.02024,2.25383,0.251913,0.0985696,0.0774528,0.887366,0.0985696
10.2724,-2.31164,3.2896,-3.99491,2.25967,0.242596,0.0986086,0.0773243,0.885968,0.0986086
10.3872,-2.44816,2.94356,-3.48798,2.27175,0.23422,0.0985265,0.0772335,0.884516,0.0985265
10.5287,-2.70915,2.96105,-3.71356,2.24393,0.169902,0.0984119,0.0771208,0.883102,0.0984119
10.6668,-2.87624,2.87414,-3.53479,2.25347,0.168238,0.0982651,0.0769924,0.881853,0.0982651
10.7789,-3.0534,2.84015,-3.50762,2.25143,0.15512,0.0981052,0.0768631,0.880756,0.0981052
10.9713,-3.24837,3.41959,-3.97321,2.28145,0.203684,0.0979425,0.0767382,0.879291,0.0979425
11.1444,-3.4325,3.46859,-3.89584,2.29824,0.214111,0.0977821,0.0766165,0.877831,0.0977821
11.3201,-3.60689,3.56883,-3.84002,2.31961,0.23303,0.0976244,0.0764934,0.876388,0.0976244
11.5101,-3.82652,3.63031,-3.88588,2.32221,0.21736,0.0974798,0.076442,0.874953,0.0974798
11.6868,-4.02658,3.56247,-3.7848,2.32594,0.202972,0.0973343,0.0764795,0.873511,0.0973343
11.869,-4.22124,3.6078,-3.76749,2.33455,0.200114,0.0971906,0.0766268,0.872078,0.0971906
12.0696,-4.41342,3.70415,-3.75604,2.34924,0.206252,0.097069,0.0769134,0.870647,0.097069
12.2749,-4.54109,3.7995,-3.53734,2.39191,0.255638,0.0969817,0.077016,0.869224,0.0969817
12.4795,-4.70329,4.04749,-3.57681,2.41785,0.279606,0.0969289,0.0771291,0.867885,0.0969289
12.6957,-4.78964,4.13964,-3.24662,2.47651,0.348927,0.0969449,0.0770315,0.866578,0.0969449
12.8961,-4.93132,3.99411,-2.99334,2.49845,0.353111,0.0969733,0.0769199,0.865176,0.0969733
13.095,-5.10377,4.04141,-2.99152,2.50438,0.334836,0.0969988,0.0768445,0.86378,0.0969988
13.2633,-5.24899,3.99779,-2.91245,2.51199,0.322901,0.0969244,0.0767687,0.862404,0.0969244
13.4171,-5.44883,3.92919,-3.00815,2.48819,0.264387,0.0967746,0.0768788,0.861108,0.0967746
13.6659,-5.5837,4.50642,-3.17385,2.52799,0.309976,0.0966763,0.0769746,0.859902,0.0966763
13.8573,-5.73371,4.477,-3.09375,2.53691,0.30207,0.0965467,0.0771429,0.858618,0.0965467
14.0975,-5.87687,4.56827,-2.99526,2.56124,0.315557,0.0964613,0.077378,0.857371,0.0964613
14.3451,-5.99623,4.66436,-2.83222,2.59589,0.343517,0.0964558,0.0775778,0.856171,0.0964558
14.5693,-6.13458,4.6032,-2.70276,2.61068,0.339489,0.096464,0.0778683,0.854877,0.096464
14.8125,-6.19505,4.68607,-2.4126,2.66614,0.397694,0.096546,0.0778959,0.853611,0.096546
15.0361,-6.30712,4.7712,-2.33754,2.68604,0.398573,0.0966211,0.0779225,0.852378,0.0966211
15.205,-6.38122,4.65833,-2.15557,2.7082,0.405287,0.096527,0.0778557,0.851056,0.096527
15.4489,-6.48355,4.68766,-2.03196,2.73257,0.410966,0.0964629,0.0777881,0.849735,0.0964629
15.675,-6.58394,4.70843,-1.94226,2.75035,0.407152,0.0963846,0.077726,0.848417,0.0963846
15.9254,-6.6873,5.05693,-1.97923,2.76853,0.403652,0.0963438,0.0776886,0.847308,0.0963438
16.1712,-6.85224,5.06304,-2.07909,2.75195,0.348705,0.0963275,0.0779662,0.846161,0.0963275
16.3649,-6.93161,4.5991,-1.8006,2.76843,0.348365,0.0962123,0.0782227,0.844937,0.0962123
16.5926,-7.04432,4.6207,-1.7876,2.77246,0.328486,0.0960809,0.0786912,0.843732,0.0960809
16.8138,-7.14343,4.71764,-1.78319,2.78021,0.315685,0.0959354,0.0793493,0.84249,0.0959354
17.0557,-7.19175,4.7647,-1.60076,2.81748,0.347304,0.0957898,0.0798648,0.841247,0.0957898
17.2777,-7.24927,4.6875,-1.4451,2.84255,0.359236,0.0956491,0.0803503,0.840092,0.0956491
17.5579,-7.19269,4.81821,-0.999371,2.93708,0.470993,0.0955074,0.0803129,0.838866,0.0955074
17.8479,-7.216,5.34261,-0.882279,2.97793,0.491596,0.0954108,0.0802225,0.8378,0.0954108
18.1157,-7.21435,5.36519,-0.6261,3.02542,0.525264,0.0953482,0.080102,0.836736,0.0953482
18.3575,-7.19103,5.06886,-0.314244,3.07968,0.57091,0.0952643,0.0800631,0.835479,0.0952643
18.5893,-7.23525,5.02511,-0.271877,3.08754,0.54096,0.0951469,0.0799967,0.834232,0.0951469
18.8866,-7.24673,5.31495,-0.132343,3.1167,0.541016,0.0951137,0.0799629,0.833076,0.0951137
19.1025,-7.28604,5.19682,-0.122458,3.11803,0.503979,0.0950029,0.0798868,0.83185,0.0950029
19.3376,-7.31931,5.07748,-0.0850114,3.12485,0.478017,0.094871,0.0797829,0.830617,0.094871
19.6803,-7.2468,5.2949,0.296461,3.19752,0.549113,0.0949222,0.0798806,0.829441,0.0949222
19.9633,-7.2308,5.47487,0.440872,3.22195,0.541365,0.095077,0.0800497,0.828431,0.095077
20.2482,-7.21748,5.48873,0.558444,3.24299,0.532688,0.095365,0.0802543,0.827443,0.095365
20.5256,-7.21302,5.73109,0.619483,3.24927,0.496162,0.095765,0.0804223,0.826878,0.095765
20.7156,-7.2858,5.46302,0.387477,3.2124,0.404731,0.09585,0.0803256,0.825876,0.09585
20.9601,-7.2506,5.08297,0.519361,3.24342,0.426591,0.095895,0.0802441,0.824673,0.095895
21.2187,-7.16436,5.09105,0.786529,3.29487,0.47062,0.0959511,0.0803057,0.823473,0.0959511
21.4917,-7.11964,5.28218,0.933465,3.31651,0.463742,0.0960756,0.0803924,0.822349,0.0960756
21.6822,-7.26394,5.0443,0.477422,3.23596,0.310155,0.0960084,0.0803989,0.82116,0.0960084
21.9081,-7.22552,4.51985,0.559213,3.26469,0.338272,0.0958969,0.0804452,0.820452,0.0958969
22.2289,-7.02657,4.73839,1.12236,3.37417,0.476671,0.0959466,0.0803679,0.819405,0.0959466
22.4278,-6.98041,4.35577,1.14139,3.39787,0.484317,0.0958645,0.0802672,0.818919,0.0958645
22.6054,-6.88682,4.24231,1.30474,3.43997,0.508516,0.0957288,0.0801996,0.81862,0.0957288
22.8633,-6.84928,4.8584,1.45209,3.43202,0.443914,0.0955924,0.0800878,0.817458,0.0955924
23.0769,-6.87737,4.74449,1.24243,3.39771,0.360897,0.0954691,0.0801506,0.816323,0.0954691
23.2719,-6.82623,4.46067,1.24468,3.4137,0.361101,0.0954205,0.0803768,0.815396,0.0954205
23.5128,-6.71857,4.48873,1.45442,3.45493,0.39548,0.09537,0.0805491,0.814386,0.09537
23.7727,-6.65825,4.79185,1.56753,3.45774,0.363898,0.0952772,0.080941,0.813246,0.0952772
23.9974,-6.52415,4.73629,1.80535,3.50576,0.406266,0.0952019,0.0811934,0.812112,0.0952019
24.2138,-6.42133,4.41468,1.86154,3.54064,0.436636,0.0951591,0.08151,0.811037,0.0951591
24.4808,-6.22833,4.48135,2.27746,3.61179,0.509673,0.0950497,0.0815253,0.80991,0.0950497
24.7366,-6.11487,4.82867,2.49957,3.61926,0.468571,0.0949186,0.081587,0.808996,0.0949186
24.9728,-5.98197,4.7629,2.62518,3.64534,0.472238,0.094787,0.0816522,0.808093,0.094787
25.1834,-5.83721,4.40113,2.67121,3.6871,0.510631,0.0946557,0.0817009,0.806981,0.0946557
25.4239,-5.67434,4.38302,2.87991,3.72291,0.526635,0.0945325,0.0816983,0.805895,0.0945325
25.6041,-5.53735,4.07164,2.87222,3.75595,0.543789,0.0944031,0.0817395,0.804801,0.0944031
25.7755,-5.24775,3.92709,3.39595,3.85459,0.64476,0.0942998,0.0816497,0.803738,0.0942998
25.9737,-5.08146,3.91408,3.54613,3.87771,0.6247,0.094202,0.0815645,0.802648,0.094202
26.1505,-5.01702,3.75932,3.28595,3.8599,0.553151,0.0941389,0.0815222,0.801588,0.0941389
26.3496,-4.81187,3.69487,3.51613,3.90221,0.576264,0.0940646,0.0814294,0.800519,0.0940646
26.5597,-4.53123,3.64503,3.96749,3.96932,0.634493,0.093959,0.0813967,0.799439,0.093959
26.7772,-4.33786,3.89062,4.23554,3.96941,0.561264,0.093832,0.0813863,0.798484,0.093832
26.9183,-4.25257,3.65651,3.87898,3.95651,0.497424,0.0937304,0.0812879,0.797441,0.0937304
27.1303,-4.03932,3.92835,4.22389,3.96323,0.446766,0.0936041,0.0811792,0.796831,0.0936041
27.3643,-3.82416,3.92221,4.33552,3.977,0.437055,0.0935366,0.0810714,0.796423,0.0935366
27.5166,-3.6115,3.30335,4.09463,4.03354,0.53041,0.0934531,0.0809681,0.795379,0.0934531
27.695,-3.44324,3.2229,4.06462,4.04198,0.504469,0.0934112,0.0808673,0.794355,0.0934112
27.8482,-3.22529,2.98377,4.08508,4.08155,0.539719,0.0933752,0.0807633,0.793297,0.0933752
27.9722,-2.97558,2.83099,4.29015,4.1291,0.569341,0.0932993,0.0806613,0.792241,0.0932993
28.1123,-2.75215,2.75381,4.42694,4.15591,0.561704,0.093226,0.0805622,0.791193,0.093226
28.2125,-2.50751,2.56096,4.55164,4.19989,0.583061,0.0931132,0.0804857,0.790147,0.0931132
28.3178,-2.28092,2.26927,4.49998,4.24532,0.624484,0.0929908,0.0804088,0.789167,0.0929908
28.4511,-2.11396,2.17643,4.37955,4.25118,0.587853,0.0928737,0.0803104,0.788171,0.0928737
28.5903,-1.89544,2.29188,4.61362,4.25133,0.518681,0.0927804,0.0802266,0.787148,0.0927804
28.7209,-1.67259,2.21157,4.65051,4.26849,0.507038,0.0927248,0.0801628,0.786146,0.0927248
28.8245,-1.44118,2.20075,4.79711,4.28227,0.470495,0.0926753,0.0801137,0.785226,0.0926753
28.9412,-1.11957,2.09829,5.13365,4.32438,0.501025,0.0926785,0.0800165,0.784336,0.0926785
29.0189,-0.851735,1.93291,5.22294,4.35794,0.509208,0.0926574,0.0799447,0.783423,0.0926574
29.0953,-0.612958,1.77297,5.18063,4.38265,0.506064,0.0926268,0.0798626,0.782492,0.0926268
29.138,-0.342987,1.39296,5.08381,4.44495,0.593663,0.0925401,0.0798132,0.781481,0.0925401
29.1834,-0.226578,1.23618,4.62243,4.45107,0.553759,0.0924309,0.079805,0.780476,0.0924309
29.2495,0.0272609,1.0464,4.65926,4.49147,0.592669,0.092327,0.0797931,0.779486,0.092327
29.2955,0.333152,0.884211,4.94604,4.53549,0.615407,0.0922175,0.0796991,0.778507,0.0922175
29.3419,0.590144,0.796701,5.05412,4.55604,0.584705,0.0921083,0.0796041,0.777518,0.0921083
29.4063,0.721595,0.728688,4.64241,4.5567,0.543169,0.0920255,0.0798411,0.776526,0.0920255
29.4261,0.981049,0.517439,4.70094,4.60276,0.587965,0.0919274,0.0800645,0.775545,0.0919274
29.4678,1.32226,0.379508,5.10683,4.63821,0.600691,0.0918493,0.0800186,0.774568,0.0918493
29.5049,1.58671,0.274384,5.16165,4.65928,0.586931,0.0918026,0.0799614,0.773589,0.0918026
29.5,1.85524,0.0909984,5.20232,4.6949,0.595034,0.091727,0.0798892,0.772622,0.091727
29.4906,2.1036,-0.146615,5.12272,4.741,0.641804,0.0916327,0.0798325,0.771703,0.0916327
29.4646,2.49867,-0.413753,5.62418,4.78582,0.660635,0.0915206,0.079843,0.770894,0.0915206
29.4481,2.76629,-0.550338,5.56306,4.811,0.642135,0.0914065,0.0798801,0.770089,0.0914065
29.4645,3.11307,-0.666136,5.80359,4.82667,0.623341,0.0913124,0.0803009,0.769268,0.0913124
29.4321,3.40538,-0.733858,5.80231,4.8382,0.560851,0.0912092,0.0809356,0.768394,0.0912092
29.4338,3.52273,-0.740309,5.14628,4.85526,0.548822,0.0911417,0.080931,0.767456,0.0911417
29.3866,3.78237,-0.87077,5.13573,4.88034,0.535534,0.0910573,0.0809374,0.76652,0.0910573
29.3361,3.87407,-0.926716,4.50883,4.9151,0.545433,0.0909633,0.0809324,0.765572,0.0909633
29.3237,4.09765,-0.919784,4.44686,4.91635,0.484803,0.0909229,0.0810105,0.764645,0.0909229
29.2382,4.31917,-1.09001,4.42627,4.95384,0.501217,0.0908345,0.0811992,0.763709,0.0908345
29.1689,4.54355,-1.22657,4.41437,4.98341,0.507516,0.0907379,0.0815011,0.762774,0.0907379
29.0687,4.90318,-1.49072,4.89043,5.00827,0.503307,0.0906266,0.0814407,0.761852,0.0906266
29.0072,5.14528,-1.46677,4.8018,5.00885,0.43468,0.0905177,0.0813866,0.760925,0.0905177
28.98,5.36266,-1.4658,4.68202,5.01579,0.417513,0.0904621,0.0813869,0.760047,0.0904621
28.8672,5.63868,-1.74134,4.84194,5.05762,0.468049,0.0903697,0.081321,0.759123,0.0903697
28.7715,5.9185,-1.89022,4.94041,5.07781,0.462896,0.0902733,0.0812228,0.758201,0.0902733
28.6356,6.18927,-2.18997,5.02709,5.12323,0.514286,0.0901647,0.0811358,0.757345,0.0901647
28.5352,6.39386,-2.26154,4.80669,5.15216,0.520043,0.0900561,0.0810378,0.75647,0.0900561
28.4626,6.65547,-2.29821,4.81222,5.15794,0.492017,0.0899596,0.0809519,0.755569,0.0899596
28.3837,6.79071,-2.26593,4.38366,5.18947,0.506908,0.089907,0.0809175,0.754665,0.089907
28.2697,6.9885,-2.29925,4.21618,5.21165,0.489514,0.0898629,0.0809482,0.753786,0.0898629
28.1126,7.39724,-2.6139,4.85587,5.2062,0.439525,0.0897728,0.0809802,0.752895,0.0897728
27.9666,7.65276,-2.80298,4.87094,5.23456,0.457618,0.0896704,0.0811308,0.752044,0.0896704
27.8514,7.82582,-2.80853,4.55797,5.26462,0.471008,0.0895827,0.0811441,0.751158,0.0895827
27.6896,8.05462,-2.99449,4.52491,5.297,0.489017,0.0894792,0.0812017,0.750312,0.0894792
27.5297,8.25314,-3.10111,4.36535,5.33006,0.500715,0.0893732,0.0812285,0.749477,0.0893732
27.3475,8.44825,-3.4522,4.32769,5.38573,0.578968,0.0892843,0.0812282,0.748905,0.0892843
27.2179,8.55971,-3.38323,3.87852,5.42969,0.607003,0.089181,0.0811337,0.748154,0.089181
27.0455,8.77332,-3.54717,3.86039,5.45553,0.603231,0.0890864,0.0810386,0.747486,0.0890864
26.7732,9.14507,-3.99696,4.35991,5.45438,0.542512,0.0892375,0.0814238,0.747457,0.0892375
26.5877,9.34596,-3.82266,4.09721,5.46313,0.48083,0.0894668,0.0818578,0.746943,0.0894668
26.4272,9.39486,-3.71879,3.50049,5.52802,0.546107,0.0896593,0.0818032,0.74621,0.0896593
26.2824,9.56771,-3.4709,3.24349,5.53164,0.48784,0.0897509,0.0817343,0.74534,0.0897509
26.0977,9.79642,-3.62538,3.36662,5.53478,0.45447,0.089868,0.0817604,0.744478,0.089868
25.9294,9.97705,-3.43785,3.19745,5.534,0.392312,0.0899463,0.0817999,0.743677,0.0899463
25.8059,10.0261,-3.30171,2.78085,5.58321,0.442335,0.0898865,0.0817143,0.743069,0.0898865
25.6083,10.1846,-3.7382,2.92818,5.6187,0.484965,0.0898445,0.0816366,0.742212,0.0898445
25.4486,10.2351,-3.6672,2.5561,5.67446,0.535503,0.0897604,0.0818494,0.741399,0.0897604
25.254,10.3922,-3.72258,2.52404,5.68735,0.508452,0.0896778,0.0820712,0.740591,0.0896778
25.0133,10.6001,-3.96472,2.68889,5.68724,0.464082,0.0896668,0.0821105,0.739742,0.0896668
24.8199,10.7358,-3.80837,2.52893,5.697,0.426493,0.089644,0.082196,0.738955,0.089644
24.6203,10.8745,-3.89118,2.49101,5.71375,0.41882,0.0896171,0.0823095,0.738154,0.0896171
24.4203,11.0359,-4.0871,2.56394,5.72292,0.409612,0.0895822,0.0823661,0.737314,0.0895822
24.2166,11.2172,-4.1689,2.64304,5.71815,0.373288,0.0895418,0.0823261,0.736476,0.0895418
24.0074,11.3247,-4.36908,2.54014,5.75656,0.416676,0.0895018,0.0823448,0.735683,0.0895018
23.8152,11.3544,-4.27913,2.15411,5.81682,0.474978,0.0894328,0.0827557,0.734852,0.0894328
23.6251,11.4584,-4.10056,1.9899,5.83139,0.452985,0.0893411,0.0832921,0.734076,0.0893411
23.3776,11.6463,-4.30818,2.16529,5.81746,0.396883,0.0892843,0.0835052,0.73325,0.0892843
23.1564,11.7646,-4.35968,2.11318,5.83184,0.38761,0.0892335,0.0837211,0.732426,0.0892335
22.8951,11.9418,-4.54812,2.26126,5.82179,0.341785,0.0892712,0.0837359,0.731637,0.0892712
22.6819,12.0689,-4.47572,2.20342,5.82571,0.317623,0.0892891,0.0837168,0.73082,0.0892891
22.4639,12.1647,-4.48708,2.09057,5.84718,0.325951,0.0892958,0.0837234,0.730005,0.0892958
22.2706,12.2641,-4.17154,1.92951,5.84995,0.289142,0.0892433,0.0837408,0.729353,0.0892433
21.9935,12.4037,-4.39683,2.03162,5.85034,0.262364,0.0893021,0.0836834,0.728567,0.0893021
21.7643,12.5068,-4.68005,2.02982,5.87395,0.294711,0.089367,0.0836176,0.727784,0.089367
21.5388,12.5744,-4.66535,1.86258,5.90334,0.315828,0.0894236,0.0835906,0.726991,0.0894236
21.3297,12.6543,-4.47549,1.7197,5.91633,0.30324,0.0894289,0.0835821,0.726211,0.0894289
21.0905,12.874,-4.62579,2.03139,5.8694,0.2158,0.0894546,0.0835289,0.725411,0.0894546
20.8323,12.9792,-5.01096,2.04884,5.89505,0.25944,0.0895545,0.083516,0.724822,0.0895545
20.6709,12.9877,-4.73971,1.66872,5.94467,0.318589,0.0894944,0.0834251,0.724037,0.0894944
20.4174,13.0401,-5.20481,1.55741,5.99244,0.391541,0.0894667,0.083337,0.723668,0.0894667
20.1632,13.1482,-5.2422,1.54378,5.99679,0.370874,0.0894809,0.0832515,0.723335,0.0894809
19.9096,13.2446,-4.89898,1.4762,5.99051,0.309725,0.0895424,0.0831914,0.722603,0.0895424
19.7601,13.1923,-4.57576,1.03571,6.06059,0.395678,0.0894546,0.0831638,0.721848,0.0894546
19.5201,13.2761,-4.60155,1.02923,6.06314,0.367438,0.0893697,0.0831034,0.72109,0.0893697
19.1978,13.4011,-4.89622,1.17856,6.04697,0.309217,0.089439,0.0830176,0.720345,0.089439
18.9588,13.434,-4.90664,1.0345,6.07539,0.329844,0.0895122,0.0829283,0.719602,0.0895122
18.7546,13.4211,-4.77024,0.772375,6.12266,0.376959,0.0895025,0.0829052,0.718827,0.0895025
18.4936,13.4652,-4.87806,0.710063,6.13864,0.3721,0.0895451,0.0828943,0.718071,0.0895451
18.2802,13.5601,-4.85019,0.761515,6.12745,0.333518,0.08953,0.0828172,0.717308,0.08953
18.0378,13.6335,-4.6109,0.778359,6.11595,0.277181,0.0895216,0.0827285,0.716584,0.0895216
17.8346,13.6785,-4.55566,0.71649,6.12719,0.276248,0.089455,0.0826401,0.715899,0.089455
17.5958,13.7133,-4.91187,0.649914,6.15163,0.308392,0.0893876,0.0825522,0.715156,0.0893876
17.3396,13.7459,-4.9516,0.582694,6.16605,0.305961,0.0893425,0.0824652,0.71443,0.0893425
17.0973,13.7943,-4.95354,0.559749,6.17066,0.291117,0.0893012,0.082378,0.713706,0.0893012
16.8587,13.852,-4.95753,0.563031,6.1701,0.271188,0.0892575,0.0823027,0.712985,0.0892575
16.6403,13.8458,-4.77635,0.403061,6.199,0.289786,0.0891856,0.0822161,0.712232,0.0891856
16.4791,13.8031,-4.5257,0.153448,6.24929,0.345709,0.0891066,0.0822042,0.711599,0.0891066
16.2738,13.8112,-4.27773,0.0901361,6.26212,0.332553,0.0890721,0.0822313,0.711268,0.0890721
16.0759,13.8165,-4.2385,0.0171932,6.27913,0.334643,0.0891306,0.0823072,0.711005,0.0891306
15.878,13.7979,-4.16179,-0.0947602,6.30595,0.348406,0.0893244,0.0825194,0.710882,0.0893244
15.59,13.8741,-4.40881,0.0499814,6.27185,0.270939,0.0893701,0.0825526,0.710378,0.0893701
15.372,13.8812,-4.55006,-0.0188622,6.28733,0.281437,0.089479,0.0826148,0.709737,0.089479
15.1376,13.9354,-4.5962,0.0585265,6.27045,0.238993,0.0896072,0.0825915,0.709066,0.0896072
14.9461,13.914,-4.61298,-0.0976734,6.30436,0.279991,0.0899193,0.0826497,0.708386,0.0899193
14.6187,13.9676,-4.91327,0.0393609,6.27517,0.213173,0.0899421,0.08262,0.707666,0.0899421
14.3651,13.9675,-4.87444,7.94785e-05,6.28317,0.204917,0.0899367,0.0826125,0.706939,0.0899367
14.009,14.0369,-5.22821,0.206933,6.24363,0.12868,0.0898529,0.0825321,0.706464,0.0898529
13.7158,14.0583,-5.10537,0.26983,6.23038,0.0829369,0.0898353,0.0824478,0.705864,0.0898353
13.4872,14.0577,-5.02278,0.193959,6.24459,0.0983217,0.0897975,0.0823665,0.705204,0.0897975
13.2402,14.0599,-4.91069,0.165223,6.24955,0.0917978,0.0897707,0.0822877,0.704496,0.0897707
13.0553,14.0128,-4.69877,-0.0197616,6.28739,0.140283,0.0896834,0.0822727,0.70379,0.0896834
12.8354,13.9914,-4.56401,-0.0911371,6.30315,0.148383,0.0895916,0.0823155,0.703155,0.0895916
12.6272,13.9702,-4.4974,-0.169783,6.32092,0.163746,0.089512,0.0824296,0.702574,0.089512
12.4245,13.967,-4.31613,-0.180032,6.32487,0.153166,0.0894765,0.0825641,0.702203,0.0894765
12.2069,14.0289,-4.35421,-0.0609258,6.29718,0.106378,0.0894827,0.0825471,0.701781,0.0894827
11.9729,14.0506,-4.38697,-0.0156841,6.28676,0.0819576,0.0895021,0.0824992,0.701318,0.0895021
11.6898,14.0431,-4.5672,-0.0144746,6.28635,0.0700467,0.0894465,0.0824644,0.700687,0.0894465
11.4674,14.0804,-4.4636,0.0764033,6.26607,0.0307725,0.0894168,0.0823898,0.700143,0.0894168
11.1535,14.1471,-4.75862,0.278626,6.2247,-0.034167,0.0893267,0.0823257,0.69944,0.0893267
10.9156,14.128,-5.06234,0.118535,6.25977,0.0449683,0.0892368,0.0822476,0.698834,0.0892368
10.6039,14.1417,-5.25036,0.163025,6.25215,0.0272028,0.0892024,0.0821786,0.698424,0.0892024

