28.1593
2.02855
2.10564
2.28931
0.183771
1.0309
4.47748
0.578226
3.53159
1.19727
1.69882
0.0387046
0.757467
3.5573
1.254
3.75099
6.8521
3.54963
1.68919
0.95326
1.87882
0.541406
0.987683
0.162065
1.55203
5.39511
0.0914162
0.335662
3.91892
1.7278
1.45465
0.592723
0.578169
0.393894
1.87405
2.39527
0.551094
0.904192
0.196051
0.552823
2.87804
0.770103
1.66012
0.110983
1.04701
1.16241
6.27533
1.74354
3.83263
6.7084
1.97656
1.1163
1.87385
1.15871
0.650451
1.28277
3.14341
1.51857
1.0804
0.999812
0.3377
3.00813
2.37224
0.706058
1.89046
5.66719
1.76906
3.08529
3.14567
10.1874
1.92228
5.44323
2.0862
0.806104
0.068676
0.972435
1.95243
3.06227
0.856379
1.0692
4.2608
4.20276
1.61944
0.326432
0.81722
5.35752
0.231268
2.82826
0.281904
0.507946
2.6785
1.06111
1.27011
3.03973
1.72576
0.597875
3.77262
3.29194
0.782609
1.74761
0.282656
4.80394
0.306329
1.23039
0.719553
2.15709
0.86209
0.366825
0.871257
0.334276
2.87866
2.66712
1.72231
2.34842
0.995169
0.569881
0.176258
2.89993
1.31555
1.60055
5.1682
2.18709
2.15974
0.934563
5.61462
0.993483
0.599305
1.31534
1.85792
2.03382
1.30833
0.458253
2.58984
0.379589
0.0626697
6.17606
5.65748
2.18427
3.30431
1.68218
0.577385
2.93391
0.611591
0.207041
4.55599
0.578698
0.426334
0.540364
2.77785
0.184413
4.36152
1.84295
6.27037
0.673048
1.66532
1.63063
1.76247
0.158653
0.37357
0.22644
1.70579
1.40418
0.78489
0.0782388
4.15867
0.357968
1.97632
5.25618
7.6996
1.16515
0.211776
1.18248
3.70578
0.441159
3.2969
1.77495
3.43016
2.41733
4.1646
1.69768
0.828553
2.68521
1.09995
0.837984
2.76206
3.85966
0.41666
1.97617
0.523489
5.47903
0.226107
8.42486
1.74695
0.104298
1.38022
1.17405
1.5854
1.36634
5.37643
1.87514
2.19198
1.46443
4.62704
7.68838
0.122009
0.267534
1.79904
2.89639
0.9191
0.335407
8.1085
2.28606
0.301482
2.95352
0.830063
1.05368
6.15784
1.69648
0.422006
3.83426
1.24476
4.31397
5.44163
0.520757
0.203749
4.45787
2.03655
3.23545
0.861655
0.481305
0.0356738
0.357404
0.206064
7.17097
3.5913
0.810811
1.1052
2.11864
0.716373
0.665084
3.82198
1.0836
0.643953
1.25346
4.51166
2.6121
6.44838
2.5465
2.53138
