70.2266
1.83803
5.47918
3.50702
0.123954
1.83342
3.73426
1.40413
0.808217
1.62949
3.23803
0.221275
1.3178
4.85102
2.08215
5.6968
6.78547
4.13233
3.81829
1.61308
2.83697
0.64656
1.14631
0.360815
1.98828
9.77341
0.114357
1.00483
2.95543
2.34668
1.20728
0.96461
0.803599
1.82209
1.57813
2.62613
0.404403
1.01011
0.274508
0.635489
3.23286
0.30999
2.00098
0.36304
0.779412
1.63012
7.61333
2.41764
4.7124
8.43322
4.36195
2.55425
2.15857
1.37781
0.747389
1.3152
3.39237
6.61804
1.23338
1.7976
0.196153
6.45568
6.16203
1.79144
2.51663
6.28803
1.84424
3.01581
3.29047
10.1888
3.271
5.25914
2.29708
1.17314
0.201397
1.75755
2.0385
2.60412
0.902474
1.0332
4.13324
5.2761
1.02442
1.07751
1.51915
4.32156
0.0687644
3.28728
0.293619
0.610434
3.12895
1.38741
1.88379
4.34792
1.69878
0.911609
6.00367
3.64924
1.79894
1.96183
1.88782
4.28118
0.300882
1.8719
1.00765
2.15966
1.8725
0.921237
0.270754
1.19761
2.23545
3.2664
2.82153
1.58958
1.40466
0.698917
0.728962
2.04832
2.01103
2.2924
5.38516
4.3901
1.91496
2.39883
4.60277
1.93728
0.373264
1.67046
2.04109
3.64766
0.789898
0.296777
3.85555
0.147931
0.942911
6.08941
5.70974
2.84111
4.81237
2.97116
1.75747
3.92284
1.03519
0.225461
4.42808
0.487049
0.443295
1.316
2.47493
0.324929
4.68491
1.41186
6.41952
0.643217
1.6037
1.31908
1.59282
0.469784
2.11912
1.24702
2.4326
2.59659
2.13227
0.525188
4.48096
1.28312
1.84837
4.68058
7.7921
1.64103
0.348654
1.72997
3.73717
0.977595
4.74375
1.67069
2.65326
1.99837
5.03127
2.49234
0.724178
2.86244
1.89344
0.740489
1.887
3.44222
0.363252
1.79986
1.12715
5.90033
0.110932
11.2803
2.94973
0.124624
1.72281
1.52263
2.19868
1.50622
5.1155
2.29605
2.75713
1.97609
6.08195
8.5579
0.417297
0.408971
2.98957
2.111
1.14155
0.534342
8.917
2.32496
0.681793
3.06368
3.63179
1.09475
5.42074
1.62307
1.58101
5.4659
1.50465
4.37288
5.2491
1.2131
0.383997
5.0267
1.67468
4.57889
2.90608
0.328965
0.0386215
0.371389
0.124302
7.21439
5.94195
0.6772
1.00745
0.460809
1.19794
0.309144
2.85816
6.17157
0.928498
4.49417
3.81313
2.35054
6.19286
1.55777
1.72372
