0.212766
0.153119
0.225172
0.0169004
0.924965
2.57668
0.296553
10.7158
3.40274
1.91732
3.54487
0.161306
2.31094
0.526671
0.220702
0.603295
0.666109
2.48906
1.00412
1.27494
2.3558
0.238463
0.773858
3.1345
2.332
0.987062
0.446215
2.66804
0.557759
0.256987
0.38471
0.282333
0.484328
0.729837
0.0876114
1.17234
1.22679
1.00644
1.25926
3.42634
2.26634
1.25335
2.91418
3.88176
3.64541
1.4721
1.06422
2.0701
0.134134
5.29681
0.604885
2.31879
0.801533
1.52438
0.421651
0.85108
2.42734
2.61905
0.685623
0.287819
0.627306
1.76139
3.24493
1.28785
0.907039
0.917518
0.0959663
2.86954
0.605
0.676787
0.915003
2.11365
0.57506
0.692917
1.28591
0.342963
2.14838
0.173496
1.73685
0.499174
0.168814
4.31449
1.18633
0.227013
3.73813
2.96634
0.0463867
1.72647
0.0272055
0.168862
0.118832
2.82156
1.98654
0.436899
0.940387
0.918103
3.12398
1.13077
6.20871
0.0203777
0.470969
2.32988
1.51622
0.505651
1.3556
0.870779
0.419827
4.9866
0.922114
3.71544
0.52761
0.370703
4.38135
2.09724
0.550561
2.42735
1.0144
3.78313
0.0357089
1.27413
0.745083
0.325326
2.11022
0.161793
2.21037
0.722834
1.68128
1.31462
1.21906
0.0837745
1.33667
0.436384
0.982334
5.68949
3.50274
1.55258
1.46142
1.58518
2.01682
1.17144
0.34061
0.536136
2.37335
1.47564
4.53765
0.656619
1.25104
0.303117
2.011
0.0331908
3.02176
1.13228
0.659428
3.67338
3.24453
3.36417
2.64417
0.33507
1.40222
4.41047
1.51727
1.41722
1.03756
1.52865
5.32459
2.04801
0.574034
1.7595
0.475314
0.208554
1.75357
0.29065
3.08984
1.08332
14.0212
0.962118
0.941747
0.838523
0.0900372
1.77873
6.29394
1.92396
1.14331
2.65535
2.6982
5.10799
3.08684
0.355844
0.508962
0.629012
0.422918
1.36567
4.0839
1.44911
4.69958
0.633467
1.63224
0.0407802
0.822825
1.90596
0.534086
2.28639
0.854724
0.4448
0.318144
0.67563
1.50314
0.46647
3.52531
2.27018
0.375298
1.02616
1.19244
0.0685653
0.028614
4.97343
0.989177
0.341206
2.15073
0.049675
4.45067
3.19709
1.43539
0.467093
0.56718
6.28404
0.611879
1.72382
0.166245
0.16305
1.21862
1.97675
1.81166
0.19729
1.80627
8.29177
0.554064
3.85315
1.93043
2.04764
0.63123
2.54806
1.25446
2.09657
0.881675
1.26359
2.94775
7.83163
0.745158
