0.155642
0.079275
0.157619
0.0729928
0.879691
1.54889
0.133099
5.96047
5.74931
2.15721
4.46841
0.5261
2.07833
0.506017
0.376631
0.311354
1.04929
0.899433
2.16522
1.66988
1.57917
0.853176
0.36112
2.5234
1.30199
3.24601
0.334845
1.67174
0.744661
0.403728
0.366985
0.3995
0.496633
0.243437
0.0597552
0.491464
1.68668
0.214785
1.99314
2.3486
2.51774
0.945205
1.6221
4.21839
3.7859
0.85294
0.240117
1.91544
0.825831
4.7559
0.916349
2.21134
0.721179
1.74895
0.33584
0.35242
2.42351
2.26746
1.65906
0.451766
0.26046
0.420685
2.72809
0.944063
0.1453
2.98237
0.0286418
3.10064
0.0734377
0.666156
0.796374
1.95608
0.53318
0.7754
1.38211
0.157035
1.20293
0.206127
1.97691
0.308812
0.0452272
1.37189
1.19964
0.0747341
2.75717
2.7885
0.49439
0.839913
0.184173
0.0331235
0.26809
1.24359
2.48994
0.117606
0.402219
0.291434
1.23939
0.668979
4.98264
0.131105
0.426702
2.42791
0.768424
0.395667
0.466673
0.732384
0.950357
1.94033
3.02823
1.9305
0.609863
0.660621
0.662099
0.0396034
0.682192
2.02331
0.549365
4.42825
0.131214
2.2561
0.99562
0.529273
1.46121
1.12226
2.28338
0.101039
0.344869
0.634775
0.602946
1.52066
1.01614
0.180584
1.24645
4.09794
2.50108
1.41214
1.04999
1.43699
2.43955
2.51315
0.252947
0.148373
3.3408
1.23623
3.33959
1.43325
0.997141
0.192046
1.8933
0.126541
1.1943
1.99909
0.624012
3.03232
2.05182
3.80304
1.7426
0.00675249
0.73554
4.94034
1.54803
1.68608
0.210914
2.09122
3.88296
0.740186
0.646241
0.980108
0.283356
0.242902
1.12134
0.799568
1.49223
0.0377584
10.8906
5.67031
0.74412
0.333551
0.209825
1.85922
1.55691
2.25289
1.94582
0.533611
5.60271
2.47729
5.17176
0.214689
0.43209
0.131011
0.937998
0.505643
3.79396
1.12649
3.79912
1.18666
1.15684
0.0460303
0.684894
0.918049
0.410617
2.37812
0.699367
0.0997847
0.0467122
0.782101
0.669055
0.53379
2.8502
3.17288
0.49062
0.546598
1.17855
0.0262004
0.0705653
3.33037
0.707658
0.723146
1.76809
0.067976
3.49005
3.44753
0.939701
1.09433
0.559355
5.48316
0.271704
0.798523
0.310529
0.255749
1.39273
0.537765
1.93611e-05
0.642132
1.38753
3.28517
3.84223
2.03265
2.73006
3.28213
0.141643
2.98539
1.11836
1.03553
0.598372
0.747077
0.874276
9.93454
0.35362
